pos.x pos.y vol rho vel.x vel.y p a mu k shock-detector massf-N2 massf-O2 massf-N massf-O massf-NO dt_subcycle e T dt_local
 -0.164568 0.000209396 4.16888e-12 0.000529796 7600 4.37518e-11 40.3 326.244 1.67371e-05 0.0236599 0 0.7654 0.2346 -1.08105e-08 -1.70595e-08 -8.5826e-09 -1 -110574 264 2.18373e-07
 -0.16452 0.000209149 4.15896e-12 0.000529796 7600 4.25921e-11 40.3 326.244 1.67371e-05 0.0236599 0 0.7654 0.2346 -3.24247e-08 -5.12204e-08 -2.57641e-08 -1 -110576 264 2.18365e-07
 -0.164473 0.000208903 4.14894e-12 0.000529796 7600 -6.20415e-12 40.3 326.244 1.67371e-05 0.0236599 0 0.7654 0.2346 -5.40104e-08 -8.54146e-08 -4.29544e-08 -1 -110577 264 2.18352e-07
 -0.164425 0.000208657 4.13883e-12 0.000529796 7600 -8.08652e-11 40.3 326.244 1.67371e-05 0.0236599 0 0.7654 0.2346 -7.55431e-08 -1.19654e-07 -6.01542e-08 -1 -110578 264 2.18332e-07
 -0.164378 0.000208411 4.12861e-12 0.000529796 7600 -1.69481e-10 40.3 326.244 1.67371e-05 0.0236599 0 0.7654 0.2346 -9.6999e-08 -1.53949e-07 -7.73641e-08 -1 -110579 264 2.18307e-07
 -0.16433 0.000208164 4.11829e-12 0.000529796 7600 -2.63659e-10 40.3 326.244 1.67371e-05 0.0236599 0 0.7654 0.2346 -1.18354e-07 -1.88314e-07 -9.4584e-08 -1 -110581 264 2.18276e-07
 -0.164283 0.000207918 4.10788e-12 0.000529796 7600 -3.629e-10 40.3 326.244 1.67371e-05 0.0236599 0 0.7654 0.2346 -1.39582e-07 -2.22759e-07 -1.11814e-07 -1 -110582 264 2.18238e-07
 -0.164235 0.000207672 4.09737e-12 0.000529796 7600 -4.6822e-10 40.3 326.244 1.67371e-05 0.0236599 0 0.7654 0.2346 -1.60658e-07 -2.57298e-07 -1.29052e-07 -1 -110583 264 2.18195e-07
 -0.164188 0.000207426 4.08676e-12 0.000529796 7600 -5.77005e-10 40.3 326.244 1.67371e-05 0.0236599 0 0.7654 0.2346 -1.81556e-07 -2.91943e-07 -1.46296e-07 -1 -110585 264 2.18145e-07
 -0.16414 0.00020718 4.07606e-12 0.000529796 7600 -6.89225e-10 40.3 326.244 1.67371e-05 0.0236599 0 0.765401 0.2346 -2.0225e-07 -3.2671e-07 -1.63545e-07 -1 -110586 264 2.1809e-07
 -0.164093 0.000206934 4.06527e-12 0.000529796 7600 -8.0579e-10 40.3 326.244 1.67371e-05 0.0236599 0 0.765401 0.2346 -2.22712e-07 -3.61611e-07 -1.80793e-07 -1 -110587 264 2.18029e-07
 -0.164045 0.000206688 4.05438e-12 0.000529796 7600 -9.24938e-10 40.3 326.244 1.67371e-05 0.0236599 0 0.765401 0.2346 -2.42919e-07 -3.96661e-07 -1.98039e-07 -1 -110588 264 2.17962e-07
 -0.163998 0.000206442 4.04341e-12 0.000529796 7600 -1.04983e-09 40.3 326.244 1.67371e-05 0.0236599 0 0.765401 0.2346 -2.62846e-07 -4.31873e-07 -2.15277e-07 -1 -110590 264 2.17888e-07
 -0.163951 0.000206197 4.03234e-12 0.000529796 7600 -1.17742e-09 40.3 326.244 1.67371e-05 0.0236599 0 0.765401 0.2346 -2.82471e-07 -4.6726e-07 -2.32503e-07 -1 -110591 264 2.17809e-07
 -0.163903 0.000205951 4.02119e-12 0.000529796 7600 -1.30803e-09 40.3 326.244 1.67371e-05 0.0236599 0 0.765401 0.2346 -3.01768e-07 -5.02839e-07 -2.4971e-07 -1 -110592 264 2.17724e-07
 -0.163856 0.000205705 4.00995e-12 0.000529796 7600 -1.44381e-09 40.3 326.244 1.67371e-05 0.0236599 0 0.765401 0.2346 -3.20711e-07 -5.38628e-07 -2.66891e-07 -1 -110593 264 2.17633e-07
 -0.163808 0.00020546 3.99863e-12 0.000529796 7600 -1.5818e-09 40.3 326.244 1.67371e-05 0.0236599 0 0.765401 0.2346 -3.3927e-07 -5.74645e-07 -2.84034e-07 -1 -110595 264 2.17536e-07
 -0.163761 0.000205215 3.98722e-12 0.000529796 7600 -1.72372e-09 40.3 326.244 1.67371e-05 0.0236599 0 0.765401 0.2346 -3.57425e-07 -6.1091e-07 -3.01129e-07 -1 -110596 264 2.17434e-07
 -0.163714 0.00020497 3.97572e-12 0.000529796 7600 -1.86695e-09 40.3 326.244 1.67371e-05 0.0236599 0 0.765401 0.2346 -3.75166e-07 -6.47438e-07 -3.18167e-07 -1 -110597 264 2.17325e-07
 -0.163666 0.000204724 3.96415e-12 0.000529796 7600 -2.01557e-09 40.3 326.244 1.67371e-05 0.0236599 0 0.765401 0.2346 -3.9249e-07 -6.84239e-07 -3.35141e-07 -1 -110598 264 2.1721e-07
 -0.163619 0.00020448 3.95249e-12 0.000529796 7600 -2.16486e-09 40.3 326.244 1.67371e-05 0.0236599 0 0.765401 0.2346 -4.0939e-07 -7.2133e-07 -3.52044e-07 -1 -110599 264 2.1709e-07
 -0.163572 0.000204235 3.94075e-12 0.000529796 7600 -2.318e-09 40.3 326.244 1.67371e-05 0.0236599 0 0.765401 0.2346 -4.25851e-07 -7.58731e-07 -3.68866e-07 -1 -110601 264 2.16964e-07
 -0.163525 0.00020399 3.92894e-12 0.000529796 7600 -2.4727e-09 40.3 326.244 1.67371e-05 0.0236599 0 0.765401 0.2346 -4.41863e-07 -7.96463e-07 -3.85596e-07 -1 -110602 264 2.16832e-07
 -0.163477 0.000203746 3.91705e-12 0.000529796 7600 -2.62881e-09 40.3 326.244 1.67371e-05 0.0236599 0 0.765401 0.2346 -4.57419e-07 -8.34548e-07 -4.02218e-07 -1 -110603 264 2.16694e-07
 -0.16343 0.000203501 3.90508e-12 0.000529796 7600 -2.78932e-09 40.3 326.244 1.67371e-05 0.0236599 0 0.765401 0.2346 -4.7255e-07 -8.72986e-07 -4.18732e-07 -1 -110604 264 2.1655e-07
 -0.163383 0.000203257 3.89303e-12 0.000529796 7600 -2.95279e-09 40.3 326.244 1.67371e-05 0.0236599 0 0.765401 0.2346 -4.87283e-07 -9.11784e-07 -4.35131e-07 -1 -110605 264 2.16401e-07
 -0.163336 0.000203013 3.88092e-12 0.000529796 7600 -3.12118e-09 40.3 326.244 1.67371e-05 0.0236599 0 0.765401 0.2346 -5.01645e-07 -9.50943e-07 -4.51407e-07 -1 -110606 264 2.16245e-07
 -0.163289 0.000202769 3.86873e-12 0.000529796 7600 -3.29384e-09 40.3 326.244 1.67371e-05 0.0236599 0 0.765402 0.2346 -5.15675e-07 -9.90461e-07 -4.67551e-07 -1 -110607 264 2.16084e-07
 -0.163242 0.000202526 3.85647e-12 0.000529796 7600 -3.46365e-09 40.3 326.244 1.67371e-05 0.0236599 0 0.765402 0.2346 -5.29421e-07 -1.03033e-06 -4.83549e-07 -1 -110609 264 2.15918e-07
 -0.163195 0.000202282 3.84414e-12 0.000529796 7600 -3.65369e-09 40.3 326.244 1.67371e-05 0.0236599 0 0.765402 0.2346 -5.42948e-07 -1.07053e-06 -4.9939e-07 -1 -110610 264 2.15745e-07
 -0.163148 0.000202039 3.83174e-12 0.000529796 7600 -3.85033e-09 40.3 326.244 1.67371e-05 0.0236599 0 0.765402 0.234601 -5.56345e-07 -1.11101e-06 -5.15057e-07 -1 -110611 264 2.15567e-07
 -0.163101 0.000201796 3.81927e-12 0.000529796 7600 -4.04849e-09 40.3 326.244 1.67371e-05 0.0236599 0 0.765402 0.234601 -5.69718e-07 -1.15172e-06 -5.30532e-07 -1 -110612 264 2.15383e-07
 -0.163054 0.000201553 3.80674e-12 0.000529796 7600 -4.25519e-09 40.3 326.244 1.67371e-05 0.0236599 0 0.765402 0.234601 -5.83202e-07 -1.19257e-06 -5.45797e-07 -1 -110613 264 2.15194e-07
 -0.163007 0.00020131 3.79414e-12 0.000529796 7600 -4.45874e-09 40.3 326.244 1.67371e-05 0.0236599 0 0.765402 0.234601 -5.96947e-07 -1.23344e-06 -5.6083e-07 -1 -110614 264 2.14998e-07
 -0.162961 0.000201068 3.78148e-12 0.000529796 7600 -4.66398e-09 40.3 326.244 1.67371e-05 0.0236599 0 0.765402 0.234601 -6.11125e-07 -1.2742e-06 -5.75606e-07 -1 -110615 264 2.14798e-07
 -0.162914 0.000200826 3.76876e-12 0.000529796 7600 -4.86443e-09 40.3 326.244 1.67371e-05 0.0236599 0 0.765402 0.234601 -6.25926e-07 -1.31466e-06 -5.90093e-07 -1 -110617 264 2.14591e-07
 -0.162867 0.000200584 3.75597e-12 0.000529796 7600 -5.06643e-09 40.3 326.244 1.67371e-05 0.0236599 0 0.765402 0.234601 -6.41582e-07 -1.35461e-06 -6.0425e-07 -1 -110618 264 2.14379e-07
 -0.162821 0.000200342 3.74313e-12 0.000529796 7600 -5.26109e-09 40.3 326.244 1.67371e-05 0.0236599 0 0.765402 0.234601 -6.58383e-07 -1.39373e-06 -6.18013e-07 -1 -110619 264 2.14162e-07
 -0.162774 0.000200101 3.73023e-12 0.000529796 7600 -5.44993e-09 40.3 326.244 1.67371e-05 0.0236599 0 0.765402 0.234601 -6.76685e-07 -1.43163e-06 -6.31302e-07 -1 -110620 264 2.13939e-07
 -0.162727 0.000199859 3.71727e-12 0.000529796 7600 -5.60577e-09 40.3 326.244 1.67371e-05 0.0236599 0 0.765402 0.234601 -6.96885e-07 -1.46782e-06 -6.44012e-07 -1 -110621 264 2.1371e-07
 -0.162681 0.000199619 3.70425e-12 0.000529796 7600 -5.78997e-09 40.3 326.244 1.67371e-05 0.0236599 0 0.765402 0.234601 -7.19344e-07 -1.5017e-06 -6.5602e-07 -1 -110623 264.001 2.13476e-07
 -0.162634 0.000199378 3.69118e-12 0.000529796 7600 -5.89557e-09 40.3 326.244 1.67371e-05 0.0236599 0 0.765402 0.234601 -7.44341e-07 -1.53266e-06 -6.67171e-07 -1 -110624 264.001 2.13236e-07
 -0.162588 0.000199137 3.67805e-12 0.000529796 7600 -6.10101e-09 40.3 326.244 1.67371e-05 0.0236599 0 0.765402 0.234601 -7.72096e-07 -1.56002e-06 -6.77275e-07 -1 -110625 264.001 2.12991e-07
 -0.162542 0.000198897 3.66488e-12 0.000529796 7600 -6.16498e-09 40.3 326.244 1.67371e-05 0.0236599 0 0.765402 0.234601 -8.02819e-07 -1.58297e-06 -6.86138e-07 -1 -110627 264.001 2.12741e-07
 -0.162495 0.000198658 3.65165e-12 0.000529796 7600 -5.87223e-09 40.3 326.244 1.67371e-05 0.0236599 0 0.765402 0.234601 -8.36722e-07 -1.60058e-06 -6.93534e-07 -1 -110628 264.001 2.12485e-07
 -0.162449 0.000198418 3.63837e-12 0.000529796 7600 -6.32326e-09 40.3 326.244 1.67371e-05 0.0236599 0 0.765402 0.234601 -8.74005e-07 -1.6117e-06 -6.99015e-07 -1 -110630 264.001 2.12224e-07
 -0.162403 0.000198179 3.62505e-12 0.000529796 7600 -6.81065e-09 40.3 326.244 1.67371e-05 0.0236599 0 0.765402 0.234601 -9.14438e-07 -1.61509e-06 -7.02637e-07 -1 -110631 264.001 2.11958e-07
 -0.162357 0.00019794 3.61167e-12 0.000529796 7600 -6.60749e-09 40.3 326.244 1.67371e-05 0.0236599 0 0.765403 0.234601 -9.57542e-07 -1.6093e-06 -7.04456e-07 -1 -110633 264.001 2.11686e-07
 -0.162311 0.000197701 3.59825e-12 0.000529796 7600 -6.16215e-09 40.3 326.244 1.67371e-05 0.0236599 0 0.765403 0.234601 -1.0024e-06 -1.59266e-06 -7.04679e-07 -1 -110634 264.001 2.11409e-07
 -0.162265 0.000197463 3.58479e-12 0.000529796 7600 -5.26566e-09 40.3 326.244 1.67371e-05 0.0236599 0 0.765403 0.234601 -1.04749e-06 -1.56335e-06 -7.03713e-07 -1 -110635 264.001 2.11127e-07
 -0.162219 0.000197225 3.57128e-12 0.000529796 7600 -4.24319e-09 40.3 326.244 1.67371e-05 0.0236599 0 0.765403 0.234601 -1.09057e-06 -1.51949e-06 -7.02263e-07 -1 -110636 264.001 2.10839e-07
 -0.162173 0.000196987 3.55773e-12 0.000529796 7600 -3.73052e-09 40.3 326.244 1.67371e-05 0.0236599 0 0.765403 0.234601 -1.12883e-06 -1.45913e-06 -7.01492e-07 -1 -110636 264.001 2.10547e-07
 -0.162127 0.00019675 3.54414e-12 0.000529796 7600 -2.18982e-09 40.3 326.244 1.67371e-05 0.0236599 0 0.765402 0.234601 -1.15923e-06 -1.38017e-06 -7.03182e-07 -1 -110636 264.001 2.10249e-07
 -0.162081 0.000196513 3.5305e-12 0.000529796 7600 -1.17011e-09 40.3 326.244 1.67371e-05 0.0236599 0 0.765402 0.234601 -1.17878e-06 -1.28017e-06 -7.0973e-07 -1 -110635 264.001 2.09946e-07
 -0.162036 0.000196276 3.51683e-12 0.000529796 7600 1.24375e-10 40.3 326.244 1.67371e-05 0.0236599 0 0.765402 0.234601 -1.18434e-06 -1.15627e-06 -7.23742e-07 -1 -110633 264.001 2.09638e-07
 -0.16199 0.00019604 3.50313e-12 0.000529796 7600 6.89876e-10 40.3 326.244 1.67371e-05 0.0236599 0 0.765402 0.234601 -1.17131e-06 -1.00488e-06 -7.47115e-07 -1 -110630 264.001 2.09325e-07
 -0.161945 0.000195804 3.48938e-12 0.000529796 7600 -4.45166e-09 40.3 326.244 1.67371e-05 0.0236599 0 0.765402 0.234601 -1.13196e-06 -8.21413e-07 -7.79874e-07 -1 -110626 264 2.09007e-07
 -0.161899 0.000195568 3.4756e-12 0.000529796 7600 1.22314e-08 40.3 326.244 1.67371e-05 0.0236599 0 0.765402 0.234601 -1.05437e-06 -6.01676e-07 -8.19357e-07 -1 -110621 264 2.08684e-07
 -0.161854 0.000195333 3.46179e-12 0.000529796 7600 2.51368e-08 40.3 326.244 1.67371e-05 0.0236599 0 0.765402 0.234601 -9.23848e-07 -3.49306e-07 -8.60325e-07 -1 -110612 264 2.08356e-07
 -0.161808 0.000195098 3.44794e-12 0.000529796 7600 1.88637e-08 40.3 326.244 1.67371e-05 0.0236599 0 0.765401 0.2346 -7.27243e-07 -9.43187e-08 -8.95772e-07 -1 -110602 264 2.08023e-07
 -0.161763 0.000194864 3.43407e-12 0.000529796 7600 2.62503e-08 40.3 326.244 1.67371e-05 0.0236599 0 0.765401 0.2346 -4.59781e-07 -1.07239e-08 -9.17323e-07 -1 -110592 264 2.07685e-07
 -0.161718 0.00019463 3.42016e-12 0.000529796 7600 -6.00693e-08 40.3 326.244 1.67371e-05 0.0236599 0 0.765401 0.2346 -1.34245e-07 7.03903e-08 -9.1425e-07 -1 -110580 264 2.07342e-07
 -0.161673 0.000194396 3.40622e-12 0.000529796 7600 -7.4203e-09 40.3 326.244 1.67371e-05 0.0236599 0 0.765401 0.2346 -5.459e-08 2.06333e-07 -8.71818e-07 -1 -110575 264 2.06995e-07
 -0.161628 0.000194163 3.39226e-12 0.000529796 7600 -5.06538e-07 40.3002 326.245 1.67372e-05 0.02366 0 0.7654 0.2346 -5.18024e-10 4.27733e-07 -7.71487e-07 -1 -110568 264.002 2.06642e-07
 -0.161583 0.00019393 3.37827e-12 0.000529798 7600 1.83728e-06 40.3027 326.254 1.6738e-05 0.0236612 0 0.7654 0.2346 2.4925e-07 9.21565e-07 -5.95751e-07 -1 -110541 264.017 2.06284e-07
 -0.161538 0.000193698 3.36425e-12 0.000529793 7599.98 3.97932e-07 40.3303 326.367 1.67473e-05 0.0236749 0 0.765403 0.234601 -3.72277e-06 5.7682e-07 -3.37569e-07 -1 -110546 264.201 2.05915e-07
 -0.161493 0.000193465 3.35021e-12 0.000529825 7599.72 0.000140478 40.6412 327.611 1.68498e-05 0.0238261 0 0.765363 0.234588 3.91596e-05 5.82889e-06 4.1972e-06 -1 -107558 266.209 2.05464e-07
 -0.161448 0.000193234 3.33614e-12 0.000530008 7596.95 0.00205417 44.0021 340.777 1.7936e-05 0.0254208 0 0.765352 0.234578 4.60435e-05 -1.25931e-05 3.63695e-05 -1 -91687.2 288.126 2.0447e-07
 -0.161404 0.000193003 3.32206e-12 0.000531702 7572.69 0.0211136 72.3262 434.507 2.58809e-05 0.0372537 0 0.76531 0.234484 6.83842e-05 9.2395e-05 4.54574e-05 -1 45075 472.028 2.01977e-07
 -0.161359 0.000192772 3.30795e-12 0.000540313 7452.5 0.135065 199.726 698.067 5.07877e-05 0.0801837 0 0.764791 0.233758 0.000476677 0.000724232 0.000250068 -1 741956 1281.45 1.98278e-07
 -0.161315 0.000192541 3.29382e-12 0.000564786 7132.11 0.456032 516.203 1083.13 9.38029e-05 0.167925 0 0.762944 0.231153 0.00194531 0.0029474 0.00101092 -1 2.66173e+06 3157.38 1.96131e-07
 -0.16127 0.000192311 3.27968e-12 0.000612577 6583.21 1.00129 1056.58 1480.01 0.000149808 0.283909 0 0.759073 0.225687 0.00502783 0.0076025 0.00260994 -1 5.74095e+06 5915.05 1.98635e-07
 -0.161226 0.000192082 3.26551e-12 0.000692939 5832.48 1.74827 1819.27 1808.12 0.000205859 0.439251 0 0.753137 0.217325 0.00975722 0.0147292 0.00505136 -1 9.38413e+06 8904.3 2.08144e-07
 -0.161182 0.000191853 3.25133e-12 0.000830607 4888.96 2.70218 2888.44 2046.2 0.000255079 0.617606 0 0.744736 0.205566 0.0164636 0.0247569 0.00847766 -1 1.33559e+07 11613.2 2.27283e-07
 -0.161138 0.000191624 3.23714e-12 0.0010906 3750.03 3.88433 4613.97 2234.11 0.000295422 0.78337 0 0.732782 0.189068 0.0260399 0.0388186 0.0132909 -1 1.74184e+07 13828.7 2.60612e-07
 -0.161094 0.000191396 3.22293e-12 0.00177293 2440.48 5.28234 8570.2 2379.6 0.000318542 0.881433 0 0.716 0.166458 0.0395334 0.0580766 0.0199319 -1 2.08854e+07 15348.9 3.14565e-07
 -0.16105 0.000191169 3.20871e-12 0.00352629 1289.29 6.52844 18186.1 2457.98 0.000322545 0.892386 0 0.69311 0.136581 0.0581177 0.0833859 0.0288045 -1 2.27511e+07 15770.5 3.82493e-07
 -0.161006 0.000190941 3.19447e-12 0.00473982 868.969 7.00852 24876 2485.92 0.000326889 0.90589 0 0.668942 0.100882 0.0806411 0.11086 0.0386738 -1 2.32995e+07 15392.9 4.3133e-07
 -0.160962 0.000190715 3.18023e-12 0.00515245 773.622 7.14427 27009.9 2495.32 0.000327558 0.898362 0 0.640793 0.075207 0.102972 0.1342 0.0468281 -1 2.33743e+07 14826.2 4.47907e-07
 -0.160919 0.000190488 3.16597e-12 0.00527348 750.687 7.15883 27471 2499.41 0.000320874 0.860559 0 0.617164 0.0545431 0.123719 0.152171 0.0524038 -1 2.33951e+07 14295.9 4.5114e-07
 -0.160875 0.000190263 3.15171e-12 0.00533482 739.575 7.16222 27562.9 2501.06 0.000314572 0.826591 0 0.596614 0.0392166 0.142817 0.165728 0.0556245 -1 2.34268e+07 13829.9 4.5171e-07
 -0.160831 0.000190037 3.13743e-12 0.00538845 729.308 7.16932 27593.4 2501.32 0.000308814 0.796645 0 0.578443 0.0282057 0.160366 0.176011 0.056974 -1 2.34794e+07 13424.2 4.52107e-07
 -0.160788 0.000189813 3.12316e-12 0.00544805 718.073 7.17707 27634.6 2500.13 0.000303483 0.770003 0 0.562441 0.0203762 0.176414 0.183868 0.0569007 -1 2.35373e+07 13064.1 4.52742e-07
 -0.160745 0.000189588 3.10887e-12 0.00551116 706.514 7.18137 27680.7 2497.73 0.000298543 0.746268 0 0.548292 0.0148413 0.191046 0.189948 0.0558725 -1 2.3596e+07 12741.6 4.53599e-07
 -0.160702 0.000189364 3.09458e-12 0.00557599 695.013 7.18371 27728.7 2494.39 0.00029397 0.725102 0 0.535728 0.0109401 0.204367 0.194733 0.0542322 -1 2.36534e+07 12451.2 4.5459e-07
 -0.160658 0.000189141 3.08029e-12 0.0056407 683.772 7.18371 27775.9 2490.4 0.000289749 0.706231 0 0.524545 0.00819226 0.216499 0.198579 0.0521853 -1 2.37097e+07 12188.9 4.5565e-07
 -0.160615 0.000188918 3.066e-12 0.0057046 672.842 7.18146 27822.2 2485.95 0.000285855 0.689369 0 0.514544 0.0062529 0.227553 0.201731 0.0499191 -1 2.37641e+07 11951.2 4.56741e-07
 -0.160573 0.000188696 3.0517e-12 0.00576714 662.273 7.17717 27867 2481.18 0.000282259 0.674259 0 0.505554 0.00487773 0.237639 0.204363 0.0475666 -1 2.38164e+07 11734.9 4.57834e-07
 -0.16053 0.000188474 3.0374e-12 0.00582795 652.092 7.17112 27910.2 2476.21 0.000278936 0.660675 0 0.49743 0.00389513 0.246857 0.206599 0.0452179 -1 2.38662e+07 11537.5 4.58909e-07
 -0.160487 0.000188253 3.0231e-12 0.00588679 642.304 7.16352 27951.5 2471.14 0.000275862 0.648422 0 0.490054 0.00318547 0.255301 0.208529 0.0429317 -1 2.39136e+07 11356.8 4.59949e-07
 -0.160444 0.000188032 3.00881e-12 0.0059436 632.9 7.15459 27990.9 2466.03 0.000273012 0.637327 0 0.483321 0.00266568 0.263053 0.210214 0.0407459 -1 2.39585e+07 11190.8 4.60945e-07
 -0.160402 0.000187812 2.99452e-12 0.00599833 623.869 7.1445 28028.6 2460.93 0.000270366 0.627245 0 0.477148 0.00227842 0.27019 0.211703 0.0386803 -1 2.4001e+07 11037.9 4.6189e-07
 -0.16036 0.000187593 2.98023e-12 0.006051 615.191 7.1334 28064.4 2455.89 0.000267903 0.618049 0 0.471462 0.00198417 0.27678 0.21303 0.0367441 -1 2.40412e+07 10896.6 4.62779e-07
 -0.160317 0.000187373 2.96594e-12 0.00610165 606.846 7.1214 28098.6 2450.92 0.000265606 0.609631 0 0.466204 0.00175574 0.282881 0.214221 0.0349389 -1 2.40793e+07 10765.7 4.63609e-07
 -0.160275 0.000187155 2.95166e-12 0.00615036 598.811 7.10862 28131.2 2446.06 0.000263459 0.601898 0 0.461321 0.00157445 0.288546 0.215296 0.033262 -1 2.41154e+07 10644 4.6438e-07
 -0.160233 0.000186937 2.93739e-12 0.00619721 591.064 7.09514 28162.4 2441.31 0.000261448 0.594771 0 0.456772 0.00142739 0.293821 0.216272 0.0317077 -1 2.41497e+07 10530.7 4.65092e-07
 -0.160191 0.000186719 2.92312e-12 0.0062423 583.587 7.08104 28192.2 2436.68 0.000259561 0.58818 0 0.452517 0.00130562 0.298747 0.217161 0.0302688 -1 2.41822e+07 10424.8 4.65745e-07
 -0.160149 0.000186503 2.90886e-12 0.00628571 576.358 7.0664 28220.7 2432.17 0.000257786 0.582066 0 0.448527 0.00120292 0.303359 0.217974 0.0289375 -1 2.42131e+07 10325.6 4.6634e-07
 -0.160107 0.000186286 2.89461e-12 0.00632754 569.362 7.05126 28248.1 2427.8 0.000256112 0.576378 0 0.444773 0.0011149 0.307688 0.218719 0.0277055 -1 2.42426e+07 10232.5 4.66879e-07
 -0.160066 0.00018607 2.88037e-12 0.00636787 562.58 7.03567 28274.3 2423.55 0.000254531 0.571071 0 0.441233 0.0010384 0.31176 0.219403 0.0265649 -1 2.42706e+07 10144.9 4.67363e-07
 -0.160024 0.000185855 2.86614e-12 0.0064068 555.998 7.01969 28299.6 2419.42 0.000253036 0.566107 0 0.437885 0.000971166 0.315601 0.220034 0.0255081 -1 2.42974e+07 10062.3 4.67794e-07
 -0.159983 0.000185641 2.85192e-12 0.0064444 549.602 7.00335 28324 2415.43 0.000251618 0.561452 0 0.434713 0.000911505 0.319231 0.220616 0.0245279 -1 2.4323e+07 9984.26 4.68174e-07
 -0.159941 0.000185426 2.83771e-12 0.00648074 543.38 6.98668 28347.5 2411.55 0.000250271 0.557076 0 0.4317 0.000858153 0.322669 0.221155 0.0236176 -1 2.43475e+07 9910.37 4.68505e-07
 -0.1599 0.000185213 2.82352e-12 0.00651591 537.32 6.96972 28370.1 2407.79 0.00024899 0.552954 0 0.428833 0.000810134 0.325931 0.221655 0.0227712 -1 2.43709e+07 9840.29 4.68788e-07
 -0.159859 0.000185 2.80934e-12 0.00654997 531.411 6.95249 28392.1 2404.14 0.000247769 0.549062 0 0.4261 0.000766681 0.329032 0.222118 0.021983 -1 2.43934e+07 9773.7 4.69026e-07
 -0.159818 0.000184788 2.79518e-12 0.00658297 525.645 6.93502 28413.3 2400.61 0.000246604 0.545381 0 0.42349 0.00072718 0.331985 0.22255 0.0212479 -1 2.4415e+07 9710.33 4.69219e-07
 -0.159777 0.000184576 2.78103e-12 0.00661497 520.012 6.91732 28433.8 2397.17 0.000245491 0.541892 0 0.420994 0.00069113 0.334801 0.222952 0.0205614 -1 2.44358e+07 9649.93 4.6937e-07
 -0.159737 0.000184365 2.7669e-12 0.00664604 514.504 6.89943 28453.8 2393.84 0.000244426 0.53858 0 0.418604 0.000658114 0.337491 0.223327 0.0199192 -1 2.44558e+07 9592.26 4.6948e-07
 -0.159696 0.000184154 2.75278e-12 0.00667621 509.115 6.88135 28473.1 2390.61 0.000243406 0.535431 0 0.416312 0.000627783 0.340065 0.223679 0.0193174 -1 2.44751e+07 9537.14 4.6955e-07
 -0.159655 0.000183944 2.73869e-12 0.00670554 503.838 6.8631 28491.9 2387.47 0.000242427 0.532431 0 0.41411 0.00059984 0.34253 0.224008 0.0187528 -1 2.44936e+07 9484.36 4.69582e-07
 -0.159615 0.000183735 2.72461e-12 0.00673406 498.666 6.84471 28510.2 2384.42 0.000241487 0.529569 0 0.411993 0.00057403 0.344894 0.224316 0.0182221 -1 2.45115e+07 9433.78 4.69577e-07
 -0.159575 0.000183526 2.71055e-12 0.00676183 493.595 6.82617 28528 2381.45 0.000240583 0.526836 0 0.409956 0.000550131 0.347164 0.224607 0.0177226 -1 2.45288e+07 9385.24 4.69537e-07
 -0.159534 0.000183318 2.69651e-12 0.00678886 488.619 6.80751 28545.3 2378.56 0.000239713 0.524221 0 0.407993 0.000527953 0.349347 0.22488 0.0172517 -1 2.45456e+07 9338.61 4.69462e-07
 -0.159494 0.00018311 2.6825e-12 0.00681521 483.733 6.78873 28562.2 2375.76 0.000238874 0.521717 0 0.4061 0.000507326 0.351448 0.225138 0.0168072 -1 2.45618e+07 9293.75 4.69354e-07
 -0.159454 0.000182903 2.6685e-12 0.0068409 478.933 6.76984 28578.7 2373.03 0.000238066 0.519316 0 0.404273 0.000488102 0.353471 0.225381 0.0163868 -1 2.45775e+07 9250.57 4.69213e-07
 -0.159415 0.000182697 2.65453e-12 0.00686596 474.215 6.75087 28594.7 2370.37 0.000237285 0.517011 0 0.402507 0.000470152 0.355423 0.225611 0.0159888 -1 2.45927e+07 9208.95 4.69041e-07
 -0.159375 0.000182491 2.64059e-12 0.00689043 469.576 6.7318 28610.4 2367.78 0.000236531 0.514796 0 0.400799 0.000453359 0.357307 0.225829 0.0156114 -1 2.46074e+07 9168.8 4.68839e-07
 -0.159335 0.000182286 2.62666e-12 0.00691432 465.012 6.71266 28625.7 2365.25 0.000235801 0.512665 0 0.399147 0.000437621 0.359127 0.226036 0.0152532 -1 2.46217e+07 9130.03 4.68608e-07
 -0.159296 0.000182082 2.61276e-12 0.00693766 460.52 6.69345 28640.6 2362.79 0.000235096 0.510613 0 0.397546 0.000422846 0.360886 0.226232 0.0149126 -1 2.46356e+07 9092.57 4.68348e-07
 -0.159257 0.000181878 2.59889e-12 0.00696048 456.096 6.67417 28655.3 2360.39 0.000234412 0.508635 0 0.395994 0.000408952 0.362589 0.226419 0.0145884 -1 2.46491e+07 9056.33 4.6806e-07
 -0.159217 0.000181675 2.58504e-12 0.00698279 451.739 6.65484 28669.5 2358.05 0.000233749 0.506726 0 0.394489 0.000395867 0.364239 0.226597 0.0142794 -1 2.46622e+07 9021.26 4.67745e-07
 -0.159178 0.000181472 2.57122e-12 0.00700463 447.446 6.63546 28683.5 2355.76 0.000233107 0.504883 0 0.393028 0.000383524 0.365837 0.226767 0.0139846 -1 2.4675e+07 8987.29 4.67404e-07
 -0.159139 0.00018127 2.55743e-12 0.007026 443.213 6.61603 28697.2 2353.53 0.000232483 0.503102 0 0.39161 0.000371866 0.367387 0.226928 0.013703 -1 2.46874e+07 8954.35 4.67038e-07
 -0.1591 0.000181069 2.54366e-12 0.00704693 439.04 6.59657 28710.6 2351.35 0.000231877 0.50138 0 0.390231 0.000360838 0.368892 0.227083 0.0134337 -1 2.46995e+07 8922.41 4.66647e-07
 -0.159062 0.000180868 2.52993e-12 0.00706743 434.924 6.57707 28723.7 2349.22 0.000231288 0.499712 0 0.38889 0.000350392 0.370353 0.227231 0.0131759 -1 2.47113e+07 8891.4 4.66232e-07
 -0.159023 0.000180668 2.51622e-12 0.00708752 430.863 6.55754 28736.5 2347.14 0.000230716 0.498097 0 0.387585 0.000340486 0.371773 0.227372 0.012929 -1 2.47228e+07 8861.27 4.65793e-07
 -0.158985 0.000180469 2.50254e-12 0.00710721 426.855 6.53799 28749.1 2345.1 0.000230159 0.496532 0 0.386315 0.00033108 0.373153 0.227508 0.012692 -1 2.4734e+07 8832 4.65331e-07
 -0.158946 0.00018027 2.4889e-12 0.00712652 422.898 6.51842 28761.5 2343.1 0.000229617 0.495014 0 0.385078 0.000322138 0.374496 0.227638 0.0124646 -1 2.47449e+07 8803.53 4.64847e-07
 -0.158908 0.000180072 2.47528e-12 0.00714547 418.992 6.49883 28773.5 2341.15 0.000229088 0.49354 0 0.383873 0.000313629 0.375804 0.227763 0.0122461 -1 2.47556e+07 8775.82 4.64341e-07
 -0.15887 0.000179875 2.4617e-12 0.00716407 415.134 6.47923 28785.4 2339.24 0.000228573 0.492109 0 0.382698 0.000305521 0.377077 0.227884 0.0120359 -1 2.47661e+07 8748.85 4.63813e-07
 -0.158832 0.000179678 2.44815e-12 0.00718232 411.322 6.45962 28797 2337.37 0.000228071 0.490718 0 0.381551 0.000297789 0.378318 0.227999 0.0118336 -1 2.47763e+07 8722.57 4.63265e-07
 -0.158794 0.000179482 2.43463e-12 0.00720024 407.557 6.44001 28808.4 2335.54 0.000227582 0.489365 0 0.380432 0.000290407 0.379528 0.228111 0.0116387 -1 2.47862e+07 8696.97 4.62697e-07
 -0.158756 0.000179287 2.42115e-12 0.00721784 403.835 6.42039 28819.6 2333.74 0.000227104 0.488049 0 0.37934 0.000283354 0.380708 0.228218 0.0114508 -1 2.4796e+07 8672 4.62108e-07
 -0.158719 0.000179092 2.4077e-12 0.00723514 400.157 6.40078 28830.6 2331.98 0.000226637 0.486769 0 0.378273 0.000276608 0.381859 0.228321 0.0112696 -1 2.48055e+07 8647.64 4.615e-07
 -0.158681 0.000178898 2.39428e-12 0.00725214 396.521 6.38117 28841.4 2330.26 0.000226181 0.485521 0 0.377231 0.00027015 0.382984 0.228421 0.0110946 -1 2.48148e+07 8623.86 4.60874e-07
 -0.158644 0.000178704 2.38091e-12 0.00726885 392.926 6.36156 28851.9 2328.56 0.000225736 0.484306 0 0.376212 0.000263963 0.384082 0.228517 0.0109256 -1 2.4824e+07 8600.65 4.60228e-07
 -0.158607 0.000178511 2.36756e-12 0.00728528 389.371 6.34197 28862.3 2326.9 0.0002253 0.483121 0 0.375215 0.00025803 0.385154 0.22861 0.0107622 -1 2.48329e+07 8577.97 4.59564e-07
 -0.15857 0.000178319 2.35425e-12 0.00730144 385.854 6.32238 28872.5 2325.27 0.000224874 0.481965 0 0.37424 0.000252337 0.386203 0.2287 0.0106042 -1 2.48417e+07 8555.81 4.58883e-07
 -0.158533 0.000178128 2.34098e-12 0.00731734 382.376 6.30281 28882.5 2323.67 0.000224457 0.480838 0 0.373286 0.000246869 0.387229 0.228787 0.0104513 -1 2.48503e+07 8534.15 4.58184e-07
 -0.158496 0.000177937 2.32775e-12 0.00733298 378.935 6.28326 28892.4 2322.09 0.000224049 0.479737 0 0.372352 0.000241615 0.388232 0.228872 0.0103031 -1 2.48587e+07 8512.96 4.57468e-07
 -0.158459 0.000177747 2.31455e-12 0.00734838 375.53 6.26373 28902 2320.55 0.000223649 0.478662 0 0.371437 0.000236562 0.389214 0.228953 0.0101596 -1 2.48669e+07 8492.22 4.56735e-07
 -0.158423 0.000177558 2.30139e-12 0.00736354 372.161 6.24422 28911.5 2319.03 0.000223258 0.477612 0 0.370541 0.000231699 0.390175 0.229032 0.0100204 -1 2.4875e+07 8471.93 4.55986e-07
 -0.158386 0.000177369 2.28827e-12 0.00737846 368.827 6.22473 28920.9 2317.54 0.000222875 0.476585 0 0.369663 0.000227017 0.391116 0.229109 0.00988548 -1 2.4883e+07 8452.06 4.5522e-07
 -0.15835 0.000177181 2.27519e-12 0.00739316 365.526 6.20526 28930 2316.07 0.000222499 0.475582 0 0.368802 0.000222504 0.392038 0.229183 0.00975449 -1 2.48907e+07 8432.61 4.54439e-07
 -0.158314 0.000176993 2.26215e-12 0.00740764 362.259 6.18583 28939 2314.63 0.00022213 0.4746 0 0.367958 0.000218154 0.392941 0.229255 0.00962731 -1 2.48984e+07 8413.54 4.53643e-07
 -0.158278 0.000176807 2.24915e-12 0.00742191 359.025 6.16642 28947.9 2313.21 0.000221769 0.47364 0 0.36713 0.000213956 0.393827 0.229326 0.00950376 -1 2.49059e+07 8394.86 4.52831e-07
 -0.158242 0.000176621 2.23619e-12 0.00743596 355.823 6.14704 28956.6 2311.81 0.000221415 0.472699 0 0.366317 0.000209905 0.394695 0.229394 0.00938369 -1 2.49133e+07 8376.54 4.52005e-07
 -0.158206 0.000176435 2.22327e-12 0.00744982 352.652 6.12769 28965.1 2310.44 0.000221067 0.471779 0 0.36552 0.000205991 0.395547 0.22946 0.00926695 -1 2.49205e+07 8358.57 4.51163e-07
 -0.15817 0.000176251 2.21039e-12 0.00746348 349.512 6.10838 28973.5 2309.09 0.000220725 0.470877 0 0.364738 0.00020221 0.396383 0.229524 0.0091534 -1 2.49276e+07 8340.95 4.50308e-07
 -0.158135 0.000176067 2.19755e-12 0.00747695 346.403 6.08911 28981.8 2307.76 0.00022039 0.469994 0 0.363969 0.000198554 0.397203 0.229587 0.00904291 -1 2.49346e+07 8323.66 4.49438e-07
 -0.158099 0.000175883 2.18476e-12 0.00749023 343.323 6.06986 28989.9 2306.45 0.000220061 0.469128 0 0.363215 0.000195017 0.398007 0.229648 0.00893534 -1 2.49415e+07 8306.68 4.48555e-07
 -0.158064 0.000175701 2.17201e-12 0.00750333 340.273 6.05066 28997.9 2305.16 0.000219737 0.468279 0 0.362473 0.000191594 0.398798 0.229707 0.00883059 -1 2.49483e+07 8290.02 4.47658e-07
 -0.158029 0.000175519 2.1593e-12 0.00751625 337.251 6.0315 29005.8 2303.89 0.000219419 0.467447 0 0.361745 0.00018828 0.399574 0.229765 0.00872854 -1 2.49549e+07 8273.66 4.46748e-07
 -0.157994 0.000175338 2.14663e-12 0.007529 334.258 6.01238 29013.5 2302.63 0.000219107 0.46663 0 0.361029 0.00018507 0.400336 0.229821 0.00862908 -1 2.49614e+07 8257.58 4.45825e-07
 -0.157959 0.000175157 2.134e-12 0.00754158 331.293 5.9933 29021.1 2301.4 0.000218799 0.465829 0 0.360325 0.000181958 0.401086 0.229876 0.00853211 -1 2.49679e+07 8241.79 4.4489e-07
 -0.157925 0.000174977 2.12142e-12 0.00755399 328.356 5.97426 29028.6 2300.18 0.000218497 0.465043 0 0.359632 0.000178942 0.401822 0.229929 0.00843754 -1 2.49742e+07 8226.26 4.43941e-07
 -0.15789 0.000174798 2.10889e-12 0.00756625 325.445 5.95527 29035.9 2298.98 0.0002182 0.464271 0 0.358952 0.000176016 0.402546 0.229981 0.00834528 -1 2.49804e+07 8211.01 4.42981e-07
 -0.157856 0.00017462 2.0964e-12 0.00757834 322.561 5.93632 29043.1 2297.8 0.000217908 0.463513 0 0.358282 0.000173176 0.403257 0.230032 0.00825524 -1 2.49865e+07 8196.01 4.42008e-07
 -0.157821 0.000174442 2.08395e-12 0.00759029 319.703 5.91742 29050.2 2296.64 0.00021762 0.462768 0 0.357623 0.00017042 0.403957 0.230082 0.00816735 -1 2.49926e+07 8181.25 4.41023e-07
 -0.157787 0.000174265 2.07155e-12 0.00760208 316.871 5.89857 29057.2 2295.49 0.000217337 0.462037 0 0.356975 0.000167744 0.404646 0.23013 0.00808152 -1 2.49985e+07 8166.74 4.40027e-07
 -0.157753 0.000174089 2.05919e-12 0.00761372 314.065 5.87977 29064.1 2294.35 0.000217059 0.461318 0 0.356336 0.000165143 0.405323 0.230178 0.00799767 -1 2.50044e+07 8152.46 4.3902e-07
 -0.157719 0.000173913 2.04688e-12 0.00762523 311.284 5.86101 29070.9 2293.23 0.000216784 0.460612 0 0.355708 0.000162616 0.40599 0.230224 0.00791575 -1 2.50101e+07 8138.41 4.38001e-07
 -0.157685 0.000173738 2.03461e-12 0.00763659 308.527 5.84231 29077.5 2292.13 0.000216514 0.459917 0 0.355089 0.000160159 0.406646 0.230269 0.00783568 -1 2.50158e+07 8124.58 4.36971e-07
 -0.157652 0.000173564 2.0224e-12 0.00764781 305.795 5.82366 29084.1 2291.04 0.000216248 0.459234 0 0.35448 0.00015777 0.407292 0.230313 0.0077574 -1 2.50214e+07 8110.97 4.3593e-07
 -0.157618 0.00017339 2.01022e-12 0.0076589 303.088 5.80506 29090.5 2289.96 0.000215986 0.458563 0 0.35388 0.000155446 0.407928 0.230356 0.00768085 -1 2.50269e+07 8097.56 4.34879e-07
 -0.157585 0.000173217 1.9981e-12 0.00766986 300.404 5.78651 29096.9 2288.9 0.000215728 0.457902 0 0.353288 0.000153184 0.408554 0.230398 0.00760597 -1 2.50323e+07 8084.36 4.33817e-07
 -0.157552 0.000173045 1.98602e-12 0.00768069 297.743 5.76802 29103.1 2287.85 0.000215473 0.457252 0 0.352706 0.000150981 0.409171 0.23044 0.00753271 -1 2.50377e+07 8071.36 4.32746e-07
 -0.157519 0.000172874 1.97399e-12 0.0076914 295.106 5.74958 29109.2 2286.82 0.000215222 0.456612 0 0.352131 0.000148837 0.409779 0.23048 0.00746101 -1 2.5043e+07 8058.54 4.31664e-07
 -0.157486 0.000172703 1.962e-12 0.00770198 292.492 5.7312 29115.3 2285.79 0.000214975 0.455982 0 0.351565 0.000146748 0.410378 0.23052 0.00739082 -1 2.50482e+07 8045.92 4.30572e-07
 -0.157453 0.000172533 1.95006e-12 0.00771244 289.901 5.71287 29121.2 2284.78 0.000214731 0.455362 0 0.351007 0.000144713 0.410968 0.230558 0.0073221 -1 2.50533e+07 8033.48 4.29471e-07
 -0.15742 0.000172364 1.93818e-12 0.00772278 287.331 5.6946 29127 2283.79 0.000214491 0.454752 0 0.350457 0.000142729 0.411549 0.230596 0.00725479 -1 2.50584e+07 8021.22 4.2836e-07
 -0.157388 0.000172195 1.92633e-12 0.007733 284.784 5.67639 29132.8 2282.8 0.000214254 0.45415 0 0.349915 0.000140794 0.412122 0.230633 0.00718886 -1 2.50634e+07 8009.13 4.2724e-07
 -0.157355 0.000172027 1.91454e-12 0.00774312 282.259 5.65823 29138.4 2281.83 0.00021402 0.453558 0 0.34938 0.000138908 0.412688 0.23067 0.00712425 -1 2.50683e+07 7997.21 4.26111e-07
 -0.157323 0.00017186 1.9028e-12 0.00775311 279.756 5.64014 29144 2280.86 0.000213789 0.452975 0 0.348852 0.000137068 0.413245 0.230705 0.00706094 -1 2.50732e+07 7985.46 4.24973e-07
 -0.157291 0.000171693 1.8911e-12 0.007763 277.274 5.6221 29149.5 2279.91 0.000213561 0.4524 0 0.348331 0.000135273 0.413795 0.23074 0.00699888 -1 2.50779e+07 7973.87 4.23826e-07
 -0.157259 0.000171527 1.87946e-12 0.00777279 274.813 5.60412 29154.9 2278.97 0.000213337 0.451833 0 0.347817 0.00013352 0.414337 0.230774 0.00693804 -1 2.50827e+07 7962.43 4.22671e-07
 -0.157227 0.000171362 1.86786e-12 0.00778246 272.373 5.58621 29160.2 2278.04 0.000213115 0.451275 0 0.347311 0.00013181 0.414872 0.230808 0.00687837 -1 2.50873e+07 7951.15 4.21507e-07
 -0.157195 0.000171198 1.85631e-12 0.00779204 269.954 5.56835 29165.4 2277.12 0.000212896 0.450724 0 0.34681 0.000130139 0.415399 0.230841 0.00681985 -1 2.5092e+07 7940.02 4.20335e-07
 -0.157163 0.000171034 1.84481e-12 0.00780151 267.555 5.55056 29170.5 2276.21 0.00021268 0.450182 0 0.346316 0.000128507 0.41592 0.230873 0.00676244 -1 2.50965e+07 7929.04 4.19155e-07
 -0.157132 0.000170871 1.83336e-12 0.00781088 265.176 5.53283 29175.5 2275.31 0.000212466 0.449646 0 0.345829 0.000126913 0.416434 0.230905 0.0067061 -1 2.5101e+07 7918.19 4.17966e-07
 -0.157101 0.000170709 1.82196e-12 0.00782015 262.818 5.51516 29180.5 2274.42 0.000212256 0.449118 0 0.345348 0.000125355 0.416941 0.230936 0.00665082 -1 2.51054e+07 7907.49 4.16771e-07
 -0.157069 0.000170547 1.81061e-12 0.00782933 260.479 5.49755 29185.4 2273.54 0.000212048 0.448598 0 0.344872 0.000123833 0.417441 0.230966 0.00659655 -1 2.51098e+07 7896.93 4.15567e-07
 -0.157038 0.000170386 1.79931e-12 0.00783841 258.16 5.48001 29190.2 2272.67 0.000211842 0.448084 0 0.344403 0.000122344 0.417935 0.230996 0.00654328 -1 2.51141e+07 7886.5 4.14356e-07
 -0.157007 0.000170226 1.78806e-12 0.0078474 255.86 5.46253 29194.9 2271.81 0.000211639 0.447577 0 0.34394 0.000120889 0.418423 0.231025 0.00649097 -1 2.51184e+07 7876.2 4.13138e-07
 -0.156977 0.000170067 1.77686e-12 0.0078563 253.58 5.44511 29199.6 2270.96 0.000211438 0.447077 0 0.343482 0.000119465 0.418905 0.231054 0.0064396 -1 2.51226e+07 7866.03 4.11913e-07
 -0.156946 0.000169908 1.7657e-12 0.0078651 251.318 5.42776 29204.2 2270.12 0.00021124 0.446584 0 0.34303 0.000118072 0.419381 0.231082 0.00638914 -1 2.51268e+07 7855.98 4.10681e-07
 -0.156916 0.00016975 1.7546e-12 0.00787382 249.076 5.41047 29208.7 2269.28 0.000211044 0.446097 0 0.342583 0.000116709 0.419851 0.23111 0.00633956 -1 2.51309e+07 7846.06 4.09442e-07
 -0.156885 0.000169592 1.74355e-12 0.00788246 246.852 5.39325 29213.1 2268.46 0.000210851 0.445616 0 0.342142 0.000115376 0.420315 0.231137 0.00629086 -1 2.5135e+07 7836.25 4.08196e-07
 -0.156855 0.000169436 1.73256e-12 0.007891 244.646 5.3761 29217.5 2267.64 0.000210659 0.445141 0 0.341705 0.00011407 0.420773 0.231164 0.00624299 -1 2.5139e+07 7826.57 4.06943e-07
 -0.156825 0.00016928 1.72161e-12 0.00789947 242.459 5.35901 29221.8 2266.83 0.00021047 0.444673 0 0.341274 0.000112792 0.421226 0.231191 0.00619595 -1 2.5143e+07 7817 4.05685e-07
 -0.156795 0.000169124 1.71071e-12 0.00790785 240.29 5.34198 29226 2266.03 0.000210283 0.44421 0 0.340848 0.00011154 0.421674 0.231217 0.0061497 -1 2.51469e+07 7807.54 4.0442e-07
 -0.156765 0.00016897 1.69986e-12 0.00791615 238.139 5.32502 29230.2 2265.24 0.000210098 0.443753 0 0.340427 0.000110314 0.422116 0.231242 0.00610423 -1 2.51508e+07 7798.19 4.03149e-07
 -0.156735 0.000168816 1.68906e-12 0.00792437 236.006 5.30813 29234.2 2264.45 0.000209916 0.443301 0 0.340011 0.000109114 0.422553 0.231267 0.00605953 -1 2.51546e+07 7788.95 4.01872e-07
 -0.156706 0.000168663 1.67832e-12 0.00793251 233.891 5.29131 29238.3 2263.68 0.000209735 0.442855 0 0.3396 0.000107937 0.422985 0.231292 0.00601556 -1 2.51584e+07 7779.82 4.00589e-07
 -0.156676 0.00016851 1.66762e-12 0.00794057 231.793 5.27455 29242.2 2262.91 0.000209556 0.442415 0 0.339193 0.000106784 0.423412 0.231316 0.00597231 -1 2.51622e+07 7770.79 3.99301e-07
 -0.156647 0.000168359 1.65698e-12 0.00794856 229.712 5.25786 29246.1 2262.14 0.000209379 0.44198 0 0.33879 0.000105654 0.423834 0.23134 0.00592977 -1 2.51659e+07 7761.86 3.98007e-07
 -0.156618 0.000168207 1.64639e-12 0.00795647 227.648 5.24124 29250 2261.39 0.000209204 0.441549 0 0.338393 0.000104546 0.424252 0.231363 0.00588792 -1 2.51696e+07 7753.03 3.96707e-07
 -0.156589 0.000168057 1.63585e-12 0.00796431 225.602 5.22468 29253.7 2260.64 0.000209031 0.441124 0 0.337999 0.00010346 0.424664 0.231386 0.00584674 -1 2.51732e+07 7744.3 3.95403e-07
 -0.15656 0.000167907 1.62535e-12 0.00797207 223.572 5.2082 29257.4 2259.9 0.00020886 0.440704 0 0.33761 0.000102395 0.425072 0.231409 0.00580621 -1 2.51768e+07 7735.67 3.94093e-07
 -0.156531 0.000167758 1.61491e-12 0.00797977 221.559 5.19178 29261.1 2259.17 0.000208691 0.440289 0 0.337225 0.00010135 0.425476 0.231431 0.00576632 -1 2.51803e+07 7727.13 3.92778e-07
 -0.156503 0.00016761 1.60453e-12 0.00798739 219.562 5.17543 29264.7 2258.44 0.000208524 0.439879 0 0.336845 0.000100326 0.425875 0.231453 0.00572706 -1 2.51838e+07 7718.68 3.91458e-07
 -0.156474 0.000167462 1.59419e-12 0.00799495 217.582 5.15915 29268.2 2257.72 0.000208358 0.439473 0 0.336468 9.93206e-05 0.426269 0.231475 0.0056884 -1 2.51873e+07 7710.33 3.90134e-07
 -0.156446 0.000167316 1.5839e-12 0.00800243 215.618 5.14293 29271.7 2257.01 0.000208194 0.439072 0 0.336096 9.83343e-05 0.42666 0.231496 0.00565035 -1 2.51907e+07 7702.06 3.88805e-07
 -0.156417 0.000167169 1.57367e-12 0.00800985 213.67 5.12679 29275.1 2256.3 0.000208031 0.438675 0 0.335727 9.73663e-05 0.427046 0.231517 0.00561287 -1 2.51941e+07 7693.88 3.87471e-07
 -0.156389 0.000167024 1.56348e-12 0.0080172 211.738 5.11072 29278.5 2255.6 0.000207871 0.438283 0 0.335362 9.64162e-05 0.427428 0.231538 0.00557597 -1 2.51975e+07 7685.79 3.86134e-07
 -0.156361 0.000166879 1.55335e-12 0.00802448 209.823 5.09471 29281.8 2254.9 0.000207712 0.437895 0 0.335001 9.54836e-05 0.427806 0.231558 0.00553962 -1 2.52008e+07 7677.79 3.84791e-07
 -0.156334 0.000166735 1.54327e-12 0.0080317 207.922 5.07877 29285 2254.22 0.000207554 0.437512 0 0.334644 9.4568e-05 0.42818 0.231578 0.00550381 -1 2.52041e+07 7669.86 3.83445e-07
 -0.156306 0.000166591 1.53324e-12 0.00803886 206.038 5.06291 29288.3 2253.53 0.000207398 0.437132 0 0.334291 9.36689e-05 0.42855 0.231598 0.00546854 -1 2.52073e+07 7662.02 3.82095e-07
 -0.156278 0.000166449 1.52326e-12 0.00804596 204.168 5.04711 29291.4 2252.86 0.000207244 0.436757 0 0.333941 9.27859e-05 0.428916 0.231617 0.00543379 -1 2.52106e+07 7654.26 3.80741e-07
 -0.156251 0.000166307 1.51333e-12 0.00805299 202.314 5.03139 29294.5 2252.19 0.000207091 0.436386 0 0.333594 9.19187e-05 0.429278 0.231636 0.00539954 -1 2.52137e+07 7646.58 3.79383e-07
 -0.156224 0.000166165 1.50345e-12 0.00805996 200.475 5.01573 29297.6 2251.52 0.00020694 0.436018 0 0.333252 9.10668e-05 0.429636 0.231655 0.0053658 -1 2.52169e+07 7638.97 3.78022e-07
 -0.156196 0.000166024 1.49363e-12 0.00806687 198.652 5.00014 29300.6 2250.86 0.00020679 0.435655 0 0.332912 9.02299e-05 0.429991 0.231674 0.00533254 -1 2.522e+07 7631.44 3.76657e-07
 -0.156169 0.000165884 1.48385e-12 0.00807372 196.843 4.98463 29303.5 2250.21 0.000206642 0.435295 0 0.332576 8.94076e-05 0.430343 0.231692 0.00529976 -1 2.52231e+07 7623.99 3.75289e-07
 -0.156143 0.000165745 1.47413e-12 0.00808051 195.049 4.96918 29306.4 2249.56 0.000206495 0.43494 0 0.332244 8.85995e-05 0.43069 0.23171 0.00526745 -1 2.52262e+07 7616.61 3.73917e-07
 -0.156116 0.000165606 1.46445e-12 0.00808725 193.269 4.9538 29309.3 2248.92 0.000206349 0.434587 0 0.331914 8.78053e-05 0.431034 0.231728 0.00523559 -1 2.52292e+07 7609.3 3.72543e-07
 -0.156089 0.000165468 1.45483e-12 0.00809393 191.504 4.9385 29312.1 2248.28 0.000206205 0.434239 0 0.331588 8.70246e-05 0.431375 0.231745 0.00520418 -1 2.52322e+07 7602.07 3.71165e-07
 -0.156063 0.000165331 1.44526e-12 0.00810055 189.754 4.92326 29314.9 2247.65 0.000206062 0.433894 0 0.331266 8.62572e-05 0.431712 0.231763 0.00517322 -1 2.52351e+07 7594.9 3.69785e-07
 -0.156036 0.000165195 1.43574e-12 0.00810712 188.018 4.90809 29317.6 2247.03 0.000205921 0.433553 0 0.330946 8.55027e-05 0.432046 0.23178 0.00514268 -1 2.52381e+07 7587.8 3.68401e-07
 -0.15601 0.000165059 1.42627e-12 0.00811363 186.296 4.89298 29320.3 2246.4 0.000205781 0.433215 0 0.330629 8.47609e-05 0.432377 0.231796 0.00511256 -1 2.5241e+07 7580.78 3.67015e-07
 -0.155984 0.000164923 1.41685e-12 0.00812009 184.588 4.87795 29322.9 2245.79 0.000205642 0.43288 0 0.330316 8.40313e-05 0.432704 0.231813 0.00508286 -1 2.52438e+07 7573.81 3.65626e-07
 -0.155958 0.000164789 1.40748e-12 0.00812649 182.894 4.863 29325.5 2245.18 0.000205504 0.432549 0 0.330005 8.33139e-05 0.433028 0.231829 0.00505356 -1 2.52467e+07 7566.92 3.64235e-07
 -0.155932 0.000164655 1.39816e-12 0.00813285 181.214 4.84811 29328 2244.57 0.000205368 0.432221 0 0.329698 8.26081e-05 0.433349 0.231845 0.00502466 -1 2.52495e+07 7560.09 3.62842e-07
 -0.155906 0.000164522 1.38889e-12 0.00813915 179.547 4.8333 29330.5 2243.97 0.000205233 0.431896 0 0.329393 8.19139e-05 0.433667 0.231861 0.00499614 -1 2.52523e+07 7553.32 3.61446e-07
 -0.155881 0.000164389 1.37968e-12 0.0081454 177.894 4.81856 29333 2243.37 0.000205099 0.431574 0 0.329092 8.12309e-05 0.433982 0.231877 0.00496801 -1 2.5255e+07 7546.62 3.60048e-07
 -0.155855 0.000164257 1.37051e-12 0.0081516 176.255 4.80388 29335.4 2242.78 0.000204966 0.431256 0 0.328793 8.0559e-05 0.434294 0.231893 0.00494026 -1 2.52578e+07 7539.97 3.58648e-07
 -0.15583 0.000164126 1.36139e-12 0.00815775 174.629 4.78928 29337.8 2242.19 0.000204835 0.430941 0 0.328497 7.98977e-05 0.434602 0.231908 0.00491287 -1 2.52605e+07 7533.39 3.57247e-07
 -0.155805 0.000163995 1.35232e-12 0.00816385 173.016 4.77475 29340.2 2241.61 0.000204704 0.430628 0 0.328204 7.9247e-05 0.434908 0.231923 0.00488584 -1 2.52631e+07 7526.87 3.55843e-07
 -0.15578 0.000163865 1.34331e-12 0.00816991 171.417 4.76028 29342.5 2241.03 0.000204575 0.430319 0 0.327914 7.86066e-05 0.435211 0.231938 0.00485916 -1 2.52658e+07 7520.41 3.54438e-07
 -0.155755 0.000163736 1.33434e-12 0.00817592 169.83 4.74589 29344.7 2240.46 0.000204447 0.430012 0 0.327626 7.79762e-05 0.435511 0.231952 0.00483284 -1 2.52684e+07 7514 3.53031e-07
 -0.15573 0.000163607 1.32542e-12 0.00818188 168.257 4.73157 29347 2239.89 0.00020432 0.429708 0 0.327342 7.73557e-05 0.435807 0.231967 0.00480685 -1 2.52709e+07 7507.66 3.51622e-07
 -0.155705 0.00016348 1.31655e-12 0.00818779 166.696 4.71732 29349.2 2239.32 0.000204194 0.429408 0 0.32706 7.67448e-05 0.436101 0.231981 0.0047812 -1 2.52735e+07 7501.36 3.50212e-07
 -0.155681 0.000163352 1.30774e-12 0.00819366 165.148 4.70313 29351.3 2238.76 0.00020407 0.42911 0 0.32678 7.61434e-05 0.436393 0.231995 0.00475587 -1 2.5276e+07 7495.13 3.48801e-07
 -0.155656 0.000163226 1.29897e-12 0.00819949 163.613 4.68902 29353.4 2238.21 0.000203946 0.428814 0 0.326504 7.55512e-05 0.436681 0.232009 0.00473087 -1 2.52785e+07 7488.95 3.47389e-07
 -0.155632 0.0001631 1.29025e-12 0.00820527 162.09 4.67498 29355.5 2237.65 0.000203823 0.428521 0 0.32623 7.4968e-05 0.436966 0.232023 0.00470619 -1 2.52809e+07 7482.82 3.45975e-07
 -0.155608 0.000162974 1.28158e-12 0.00821101 160.579 4.661 29357.6 2237.1 0.000203702 0.428231 0 0.325958 7.43937e-05 0.437249 0.232036 0.00468182 -1 2.52834e+07 7476.74 3.44561e-07
 -0.155584 0.00016285 1.27296e-12 0.00821671 159.081 4.6471 29359.6 2236.56 0.000203581 0.427944 0 0.32569 7.38281e-05 0.437529 0.23205 0.00465775 -1 2.52858e+07 7470.72 3.43145e-07
 -0.15556 0.000162726 1.26438e-12 0.00822237 157.595 4.63327 29361.6 2236.02 0.000203461 0.427659 0 0.325424 7.3271e-05 0.437806 0.232063 0.00463399 -1 2.52881e+07 7464.75 3.41729e-07
 -0.155536 0.000162602 1.25586e-12 0.00822798 156.121 4.6195 29363.5 2235.48 0.000203342 0.427376 0 0.32516 7.27222e-05 0.43808 0.232076 0.00461052 -1 2.52904e+07 7458.83 3.40312e-07
 -0.155512 0.00016248 1.24739e-12 0.00823356 154.659 4.60581 29365.5 2234.94 0.000203225 0.427096 0 0.3249 7.21816e-05 0.438352 0.232089 0.00458734 -1 2.52927e+07 7452.95 3.38895e-07
 -0.155489 0.000162357 1.23896e-12 0.0082391 153.209 4.59218 29367.3 2234.41 0.000203108 0.426818 0 0.324642 7.1649e-05 0.43862 0.232102 0.00456445 -1 2.5295e+07 7447.13 3.37477e-07
 -0.155465 0.000162236 1.23058e-12 0.00824461 151.771 4.57863 29369.2 2233.88 0.000202992 0.426543 0 0.324386 7.11242e-05 0.438886 0.232114 0.00454184 -1 2.52972e+07 7441.35 3.36058e-07
 -0.155442 0.000162115 1.22225e-12 0.00825007 150.344 4.56514 29371 2233.36 0.000202877 0.42627 0 0.324134 7.06071e-05 0.439149 0.232127 0.00451951 -1 2.52994e+07 7435.62 3.3464e-07
 -0.155419 0.000161995 1.21397e-12 0.0082555 148.93 4.55172 29372.8 2232.84 0.000202763 0.425999 0 0.323884 7.00976e-05 0.43941 0.232139 0.00449745 -1 2.53015e+07 7429.94 3.33221e-07
 -0.155396 0.000161876 1.20574e-12 0.0082609 147.526 4.53837 29374.6 2232.32 0.000202649 0.42573 0 0.323637 6.95955e-05 0.439667 0.232151 0.00447565 -1 2.53036e+07 7424.3 3.31802e-07
 -0.155373 0.000161757 1.19755e-12 0.00826626 146.134 4.52509 29376.3 2231.8 0.000202537 0.425464 0 0.323392 6.91007e-05 0.439922 0.232163 0.00445413 -1 2.53056e+07 7418.7 3.30383e-07
 -0.15535 0.000161638 1.18942e-12 0.00827159 144.753 4.51187 29378 2231.29 0.000202425 0.425199 0 0.32315 6.8613e-05 0.440173 0.232175 0.00443286 -1 2.53076e+07 7413.15 3.28964e-07
 -0.155327 0.000161521 1.18133e-12 0.00827689 143.383 4.49872 29379.7 2230.78 0.000202314 0.424937 0 0.322911 6.81322e-05 0.440422 0.232187 0.00441185 -1 2.53096e+07 7407.64 3.27545e-07
 -0.155305 0.000161404 1.17329e-12 0.00828216 142.025 4.48565 29381.4 2230.27 0.000202204 0.424676 0 0.322675 6.76584e-05 0.440668 0.232198 0.00439109 -1 2.53115e+07 7402.17 3.26127e-07
 -0.155282 0.000161288 1.16529e-12 0.0082874 140.677 4.47264 29383 2229.76 0.000202095 0.424417 0 0.322442 6.71913e-05 0.440911 0.23221 0.00437058 -1 2.53133e+07 7396.74 3.24709e-07
 -0.15526 0.000161172 1.15735e-12 0.00829261 139.34 4.45969 29384.6 2229.26 0.000201986 0.424161 0 0.322212 6.67308e-05 0.44115 0.232221 0.00435031 -1 2.53151e+07 7391.35 3.23291e-07
 -0.155238 0.000161057 1.14945e-12 0.0082978 138.015 4.44682 29386.2 2228.76 0.000201878 0.423906 0 0.321985 6.62768e-05 0.441387 0.232232 0.00433029 -1 2.53168e+07 7385.99 3.21874e-07
 -0.155216 0.000160942 1.14159e-12 0.00830296 136.699 4.434 29387.7 2228.26 0.000201771 0.423652 0 0.32176 6.58292e-05 0.44162 0.232243 0.0043105 -1 2.53185e+07 7380.68 3.20457e-07
 -0.155194 0.000160828 1.13379e-12 0.0083081 135.395 4.42126 29389.2 2227.76 0.000201665 0.423401 0 0.321539 6.53879e-05 0.441851 0.232254 0.00429095 -1 2.53201e+07 7375.4 3.19042e-07
 -0.155172 0.000160715 1.12603e-12 0.00831322 134.1 4.40858 29390.7 2227.26 0.000201559 0.423151 0 0.321321 6.49528e-05 0.442078 0.232265 0.00427163 -1 2.53216e+07 7370.15 3.17627e-07
 -0.15515 0.000160603 1.11831e-12 0.00831832 132.816 4.39596 29392.2 2226.76 0.000201454 0.422902 0 0.321107 6.45237e-05 0.442301 0.232275 0.00425253 -1 2.53231e+07 7364.94 3.16213e-07
 -0.155128 0.000160491 1.11065e-12 0.0083234 131.543 4.38341 29393.6 2226.27 0.000201349 0.422655 0 0.320895 6.41005e-05 0.442521 0.232286 0.00423367 -1 2.53245e+07 7359.77 3.148e-07
 -0.155107 0.000160379 1.10302e-12 0.00832846 130.279 4.37093 29395 2225.77 0.000201245 0.422409 0 0.320687 6.36832e-05 0.442738 0.232296 0.00421502 -1 2.53258e+07 7354.62 3.13389e-07
 -0.155085 0.000160268 1.09545e-12 0.00833351 129.026 4.35851 29396.4 2225.28 0.000201141 0.422165 0 0.320483 6.32716e-05 0.442951 0.232306 0.00419659 -1 2.5327e+07 7349.5 3.11979e-07
 -0.155064 0.000160158 1.08792e-12 0.00833855 127.783 4.34614 29397.8 2224.79 0.000201038 0.421922 0 0.320282 6.28657e-05 0.44316 0.232316 0.00417838 -1 2.53281e+07 7344.42 3.1057e-07
 -0.155043 0.000160049 1.08044e-12 0.00834357 126.549 4.33384 29399.2 2224.29 0.000200936 0.42168 0 0.320085 6.24653e-05 0.443366 0.232326 0.00416038 -1 2.53291e+07 7339.36 3.09162e-07
 -0.155022 0.00015994 1.073e-12 0.00834859 125.326 4.3216 29400.5 2223.8 0.000200833 0.421439 0 0.319892 6.20704e-05 0.443567 0.232336 0.00414259 -1 2.533e+07 7334.32 3.07756e-07
 -0.155001 0.000159831 1.06561e-12 0.0083536 124.112 4.30942 29401.8 2223.31 0.000200732 0.421199 0 0.319703 6.16809e-05 0.443764 0.232346 0.00412501 -1 2.53309e+07 7329.31 3.06352e-07
 -0.15498 0.000159724 1.05826e-12 0.00835861 122.907 4.29732 29403.1 2222.81 0.00020063 0.42096 0 0.319518 6.12966e-05 0.443958 0.232356 0.00410763 -1 2.53316e+07 7324.33 3.04949e-07
 -0.15496 0.000159616 1.05096e-12 0.00836362 121.712 4.28527 29404.3 2222.32 0.000200529 0.420722 0 0.319337 6.09175e-05 0.444147 0.232365 0.00409046 -1 2.53321e+07 7319.37 3.03548e-07
 -0.154939 0.00015951 1.0437e-12 0.00836863 120.526 4.27328 29405.6 2221.82 0.000200429 0.420485 0 0.31916 6.05434e-05 0.444331 0.232375 0.00407348 -1 2.53326e+07 7314.42 3.02149e-07
 -0.154919 0.000159404 1.03648e-12 0.00837364 119.35 4.26135 29406.8 2221.32 0.000200328 0.420248 0 0.318989 6.01744e-05 0.444511 0.232384 0.00405671 -1 2.53329e+07 7309.5 3.00753e-07
 -0.154898 0.000159299 1.02932e-12 0.00837866 118.183 4.24949 29408 2220.82 0.000200228 0.420011 0 0.318821 5.98103e-05 0.444686 0.232393 0.00404012 -1 2.53331e+07 7304.59 2.99358e-07
 -0.154878 0.000159194 1.02219e-12 0.00838368 117.025 4.23766 29409.2 2220.32 0.000200128 0.419775 0 0.318659 5.9451e-05 0.444856 0.232402 0.00402373 -1 2.53331e+07 7299.7 2.97966e-07
 -0.154858 0.00015909 1.01511e-12 0.00838872 115.876 4.22588 29410.3 2219.81 0.000200028 0.41954 0 0.318501 5.90964e-05 0.445021 0.232411 0.00400752 -1 2.5333e+07 7294.83 2.96576e-07
 -0.154838 0.000158986 1.00807e-12 0.00839378 114.736 4.21415 29411.4 2219.3 0.000199928 0.419304 0 0.318349 5.87465e-05 0.44518 0.23242 0.0039915 -1 2.53327e+07 7289.96 2.95188e-07
 -0.154818 0.000158883 1.00108e-12 0.00839885 113.604 4.20247 29412.6 2218.79 0.000199828 0.419069 0 0.318202 5.84012e-05 0.445335 0.232429 0.00397566 -1 2.53323e+07 7285.1 2.93803e-07
 -0.154798 0.000158781 9.94132e-13 0.00840395 112.481 4.19084 29413.7 2218.27 0.000199729 0.418834 0 0.318061 5.80603e-05 0.445483 0.232438 0.00396001 -1 2.53316e+07 7280.26 2.92421e-07
 -0.154779 0.000158679 9.87226e-13 0.00840907 111.367 4.17926 29414.7 2217.75 0.000199629 0.418598 0 0.317926 5.77239e-05 0.445626 0.232446 0.00394453 -1 2.53308e+07 7275.41 2.91041e-07
 -0.154759 0.000158577 9.80363e-13 0.00841422 110.261 4.16773 29415.8 2217.22 0.000199529 0.418362 0 0.317796 5.73917e-05 0.445763 0.232455 0.00392923 -1 2.53297e+07 7270.58 2.89664e-07
 -0.15474 0.000158477 9.73543e-13 0.0084194 109.164 4.15625 29416.8 2216.69 0.000199429 0.418126 0 0.317673 5.70638e-05 0.445893 0.232463 0.00391409 -1 2.53285e+07 7265.74 2.88291e-07
 -0.15472 0.000158377 9.66766e-13 0.00842462 108.075 4.14482 29417.9 2216.16 0.000199329 0.417889 0 0.317556 5.674e-05 0.446017 0.232471 0.00389913 -1 2.5327e+07 7260.9 2.8692e-07
 -0.154701 0.000158277 9.60031e-13 0.00842988 106.994 4.13343 29418.9 2215.61 0.000199229 0.417651 0 0.317445 5.64203e-05 0.446134 0.23248 0.00388434 -1 2.53254e+07 7256.06 2.85552e-07
 -0.154682 0.000158178 9.53339e-13 0.00843519 105.921 4.12209 29419.9 2215.06 0.000199128 0.417413 0 0.317342 5.61045e-05 0.446244 0.232488 0.00386971 -1 2.53234e+07 7251.22 2.84188e-07
 -0.154663 0.00015808 9.4669e-13 0.00844054 104.857 4.11079 29420.8 2214.51 0.000199027 0.417174 0 0.317246 5.57926e-05 0.446348 0.232496 0.00385524 -1 2.53213e+07 7246.37 2.82827e-07
 -0.154644 0.000157982 9.40082e-13 0.00844595 103.8 4.09954 29421.8 2213.94 0.000198926 0.416933 0 0.317156 5.54845e-05 0.446443 0.232504 0.00384093 -1 2.53188e+07 7241.51 2.8147e-07
 -0.154625 0.000157884 9.33516e-13 0.00845141 102.75 4.08834 29422.7 2213.37 0.000198824 0.416691 0 0.317075 5.51801e-05 0.446532 0.232512 0.00382677 -1 2.53161e+07 7236.63 2.80116e-07
 -0.154607 0.000157788 9.26992e-13 0.00845694 101.709 4.07717 29423.7 2212.79 0.000198721 0.416448 0 0.317001 5.48794e-05 0.446612 0.232519 0.00381276 -1 2.53131e+07 7231.74 2.78766e-07
 -0.154588 0.000157692 9.20509e-13 0.00846253 100.675 4.06605 29424.6 2212.2 0.000198618 0.416203 0 0.316935 5.45821e-05 0.446684 0.232527 0.0037989 -1 2.53098e+07 7226.83 2.7742e-07
 -0.15457 0.000157596 9.14067e-13 0.00846819 99.6488 4.05497 29425.5 2211.6 0.000198515 0.415956 0 0.316878 5.42883e-05 0.446748 0.232535 0.00378519 -1 2.53062e+07 7221.91 2.76077e-07
 -0.154551 0.000157501 9.07667e-13 0.00847393 98.6299 4.04392 29426.4 2210.99 0.00019841 0.415708 0 0.316829 5.39978e-05 0.446803 0.232542 0.00377162 -1 2.53023e+07 7216.96 2.74739e-07
 -0.154533 0.000157406 9.01308e-13 0.00847975 97.6182 4.03291 29427.2 2210.36 0.000198305 0.415457 0 0.316789 5.37105e-05 0.446849 0.23255 0.00375819 -1 2.52981e+07 7211.98 2.73404e-07
 -0.154515 0.000157312 8.94989e-13 0.00848566 96.6138 4.02194 29428.1 2209.73 0.000198199 0.415204 0 0.316758 5.34264e-05 0.446887 0.232557 0.00374489 -1 2.52935e+07 7206.97 2.72074e-07
 -0.154497 0.000157219 8.88711e-13 0.00849166 95.6166 4.01101 29428.9 2209.08 0.000198092 0.414948 0 0.316737 5.31454e-05 0.446914 0.232564 0.00373172 -1 2.52886e+07 7201.93 2.70748e-07
 -0.154479 0.000157126 8.82473e-13 0.00849776 94.6264 4.00011 29429.7 2208.42 0.000197984 0.41469 0 0.316725 5.28673e-05 0.446932 0.232571 0.00371868 -1 2.52833e+07 7196.86 2.69427e-07
 -0.154461 0.000157034 8.76275e-13 0.00850395 93.6431 3.98924 29430.5 2207.75 0.000197875 0.414429 0 0.316723 5.2592e-05 0.44694 0.232579 0.00370576 -1 2.52776e+07 7191.75 2.6811e-07
 -0.154443 0.000156942 8.70117e-13 0.00851026 92.6667 3.9784 29431.3 2207.06 0.000197765 0.414165 0 0.316731 5.23195e-05 0.446938 0.232586 0.00369296 -1 2.52715e+07 7186.59 2.66797e-07
 -0.154426 0.000156851 8.63999e-13 0.00851668 91.6971 3.96759 29432.1 2206.36 0.000197653 0.413898 0 0.316749 5.20495e-05 0.446925 0.232593 0.00368027 -1 2.5265e+07 7181.4 2.6549e-07
 -0.154408 0.00015676 8.57921e-13 0.00852322 90.7342 3.95681 29432.9 2205.65 0.000197541 0.413627 0 0.316779 5.17822e-05 0.446902 0.2326 0.0036677 -1 2.52581e+07 7176.15 2.64187e-07
 -0.154391 0.00015667 8.51882e-13 0.00852988 89.7779 3.94606 29433.6 2204.91 0.000197426 0.413353 0 0.316819 5.15172e-05 0.446867 0.232607 0.00365522 -1 2.52508e+07 7170.85 2.62889e-07
 -0.154374 0.00015658 8.45882e-13 0.00853668 88.8282 3.93533 29434.4 2204.16 0.000197311 0.413075 0 0.316871 5.12545e-05 0.446822 0.232614 0.00364285 -1 2.5243e+07 7165.5 2.61596e-07
 -0.154356 0.000156491 8.39921e-13 0.00854361 87.8849 3.92462 29435.1 2203.39 0.000197194 0.412793 0 0.316934 5.0994e-05 0.446764 0.23262 0.00363058 -1 2.52347e+07 7160.09 2.60307e-07
 -0.154339 0.000156403 8.33999e-13 0.00855069 86.948 3.91394 29435.8 2202.61 0.000197075 0.412507 0 0.317009 5.07356e-05 0.446695 0.232627 0.00361839 -1 2.5226e+07 7154.61 2.59025e-07
 -0.154322 0.000156315 8.28116e-13 0.00855792 86.0173 3.90327 29436.5 2201.8 0.000196954 0.412216 0 0.317096 5.04791e-05 0.446614 0.232634 0.00360629 -1 2.52168e+07 7149.08 2.57747e-07
 -0.154305 0.000156227 8.22271e-13 0.0085653 85.0929 3.89262 29437.2 2200.98 0.000196832 0.411921 0 0.317195 5.02245e-05 0.44652 0.232641 0.00359426 -1 2.52071e+07 7143.47 2.56475e-07
 -0.154289 0.00015614 8.16464e-13 0.00857285 84.1746 3.88199 29437.9 2200.13 0.000196708 0.41162 0 0.317307 4.99715e-05 0.446414 0.232647 0.00358231 -1 2.51969e+07 7137.79 2.55208e-07
 -0.154272 0.000156054 8.10695e-13 0.00858056 83.2624 3.87138 29438.5 2199.27 0.000196582 0.411315 0 0.317432 4.97202e-05 0.446294 0.232654 0.00357043 -1 2.51862e+07 7132.03 2.53946e-07
 -0.154255 0.000155968 8.04964e-13 0.00858845 82.3562 3.86078 29439.2 2198.38 0.000196454 0.411005 0 0.31757 4.94702e-05 0.446162 0.23266 0.00355861 -1 2.5175e+07 7126.2 2.5269e-07
 -0.154239 0.000155882 7.99271e-13 0.00859652 81.4559 3.85019 29439.8 2197.47 0.000196324 0.410689 0 0.317721 4.92216e-05 0.446016 0.232667 0.00354685 -1 2.51632e+07 7120.28 2.5144e-07
 -0.154222 0.000155797 7.93615e-13 0.00860478 80.5614 3.83961 29440.5 2196.53 0.000196191 0.410367 0 0.317886 4.89742e-05 0.445857 0.232673 0.00353514 -1 2.51508e+07 7114.27 2.50196e-07
 -0.154206 0.000155713 7.87996e-13 0.00861324 79.6728 3.82903 29441.1 2195.58 0.000196056 0.410039 0 0.318065 4.87278e-05 0.445683 0.23268 0.00352347 -1 2.51379e+07 7108.17 2.48957e-07
 -0.15419 0.000155629 7.82414e-13 0.0086219 78.7899 3.81847 29441.7 2194.59 0.000195919 0.409706 0 0.318258 4.84823e-05 0.445496 0.232686 0.00351183 -1 2.51243e+07 7101.98 2.47725e-07
 -0.154174 0.000155545 7.7687e-13 0.00863077 77.9126 3.8079 29442.3 2193.59 0.000195779 0.409366 0 0.318465 4.82375e-05 0.445294 0.232693 0.00350023 -1 2.51102e+07 7095.69 2.46498e-07
 -0.154158 0.000155462 7.71361e-13 0.00863985 77.041 3.79734 29442.9 2192.55 0.000195637 0.409019 0 0.318687 4.79934e-05 0.445077 0.232699 0.00348864 -1 2.50955e+07 7089.29 2.45277e-07
 -0.154142 0.00015538 7.6589e-13 0.00864916 76.1749 3.78678 29443.5 2191.49 0.000195492 0.408666 0 0.318923 4.77498e-05 0.444846 0.232706 0.00347708 -1 2.50801e+07 7082.79 2.44063e-07
 -0.154126 0.000155298 7.60454e-13 0.00865869 75.3143 3.77622 29444.1 2190.4 0.000195345 0.408305 0 0.319175 4.75065e-05 0.4446 0.232712 0.00346552 -1 2.50642e+07 7076.18 2.42854e-07
 -0.15411 0.000155217 7.55055e-13 0.00866847 74.4592 3.76565 29444.6 2189.29 0.000195194 0.407938 0 0.319442 4.72633e-05 0.444339 0.232718 0.00345395 -1 2.50475e+07 7069.45 2.41652e-07
 -0.154095 0.000155136 7.49691e-13 0.00867849 73.6094 3.75507 29445.2 2188.14 0.000195041 0.407563 0 0.319724 4.70202e-05 0.444062 0.232725 0.00344239 -1 2.50303e+07 7062.61 2.40456e-07
 -0.154079 0.000155055 7.44364e-13 0.00868876 72.765 3.74448 29445.7 2186.97 0.000194884 0.40718 0 0.320022 4.6777e-05 0.44377 0.232731 0.0034308 -1 2.50123e+07 7055.64 2.39267e-07
 -0.154064 0.000154975 7.39071e-13 0.00869928 71.9258 3.73389 29446.3 2185.76 0.000194725 0.40679 0 0.320335 4.65335e-05 0.443462 0.232738 0.0034192 -1 2.49937e+07 7048.55 2.38084e-07
 -0.154048 0.000154896 7.33814e-13 0.00871008 71.0919 3.72327 29446.8 2184.53 0.000194562 0.406391 0 0.320665 4.62895e-05 0.443138 0.232744 0.00340756 -1 2.49744e+07 7041.33 2.36907e-07
 -0.154033 0.000154817 7.28592e-13 0.00872114 70.2632 3.71265 29447.3 2183.26 0.000194396 0.405985 0 0.32101 4.6045e-05 0.442797 0.232751 0.00339588 -1 2.49544e+07 7033.97 2.35738e-07
 -0.154018 0.000154738 7.23405e-13 0.00873249 69.4397 3.702 29447.8 2181.96 0.000194227 0.405569 0 0.321372 4.57998e-05 0.442441 0.232757 0.00338415 -1 2.49337e+07 7026.48 2.34574e-07
 -0.154003 0.00015466 7.18253e-13 0.00874412 68.6212 3.69133 29448.3 2180.62 0.000194054 0.405146 0 0.32175 4.55536e-05 0.442068 0.232764 0.00337236 -1 2.49123e+07 7018.84 2.33418e-07
 -0.153988 0.000154583 7.13135e-13 0.00875605 67.8079 3.68064 29448.8 2179.26 0.000193878 0.404713 0 0.322145 4.53064e-05 0.441679 0.23277 0.00336051 -1 2.48902e+07 7011.06 2.32268e-07
 -0.153973 0.000154506 7.08052e-13 0.00876828 66.9996 3.66993 29449.3 2177.86 0.000193698 0.404271 0 0.322556 4.50579e-05 0.441274 0.232777 0.00334858 -1 2.48674e+07 7003.13 2.31124e-07
 -0.153958 0.000154429 7.03003e-13 0.00878082 66.1963 3.65919 29449.8 2176.42 0.000193514 0.40382 0 0.322984 4.48081e-05 0.440851 0.232783 0.00333657 -1 2.48438e+07 6995.05 2.29988e-07
 -0.153944 0.000154353 6.97987e-13 0.00879367 65.398 3.64842 29450.3 2174.95 0.000193327 0.40336 0 0.323429 4.45567e-05 0.440412 0.23279 0.00332446 -1 2.48194e+07 6986.81 2.28859e-07
 -0.153929 0.000154277 6.93006e-13 0.00880685 64.6047 3.63762 29450.7 2173.44 0.000193136 0.40289 0 0.323891 4.43037e-05 0.439955 0.232797 0.00331226 -1 2.47944e+07 6978.41 2.27736e-07
 -0.153915 0.000154202 6.88058e-13 0.00882036 63.8163 3.62678 29451.2 2171.9 0.000192941 0.40241 0 0.32437 4.40487e-05 0.439482 0.232804 0.00329993 -1 2.47685e+07 6969.85 2.2662e-07
 -0.1539 0.000154127 6.83143e-13 0.0088342 63.0327 3.61591 29451.6 2170.31 0.000192741 0.40192 0 0.324866 4.37918e-05 0.438992 0.232811 0.00328749 -1 2.47419e+07 6961.12 2.25511e-07
 -0.153886 0.000154053 6.78262e-13 0.00884839 62.2541 3.60501 29452.1 2168.69 0.000192538 0.40142 0 0.32538 4.35327e-05 0.438484 0.232818 0.00327492 -1 2.47146e+07 6952.22 2.2441e-07
 -0.153872 0.000153979 6.73414e-13 0.00886294 61.4803 3.59406 29452.5 2167.03 0.000192331 0.400909 0 0.32591 4.32713e-05 0.43796 0.232825 0.0032622 -1 2.46864e+07 6943.15 2.23315e-07
 -0.153857 0.000153906 6.68598e-13 0.00887784 60.7114 3.58307 29452.9 2165.34 0.000192119 0.400388 0 0.326458 4.30074e-05 0.437418 0.232832 0.00324934 -1 2.46575e+07 6933.89 2.22227e-07
 -0.153843 0.000153833 6.63815e-13 0.00889311 59.9472 3.57204 29453.4 2163.6 0.000191903 0.399857 0 0.327024 4.27409e-05 0.436858 0.232839 0.00323631 -1 2.46278e+07 6924.46 2.21146e-07
 -0.153829 0.000153761 6.59065e-13 0.00890876 59.1879 3.56096 29453.8 2161.82 0.000191682 0.399314 0 0.327606 4.24716e-05 0.436282 0.232846 0.00322312 -1 2.45974e+07 6914.84 2.20073e-07
 -0.153815 0.000153689 6.54347e-13 0.00892479 58.4334 3.54984 29454.2 2160 0.000191457 0.39876 0 0.328206 4.21994e-05 0.435688 0.232854 0.00320974 -1 2.45661e+07 6905.04 2.19006e-07
 -0.153802 0.000153617 6.4966e-13 0.00894121 57.6836 3.53866 29454.6 2158.14 0.000191228 0.398196 0 0.328823 4.19241e-05 0.435077 0.232861 0.00319618 -1 2.4534e+07 6895.04 2.17947e-07
 -0.153788 0.000153546 6.45006e-13 0.00895802 56.9386 3.52743 29455 2156.24 0.000190994 0.39762 0 0.329458 4.16456e-05 0.434449 0.232869 0.00318241 -1 2.45012e+07 6884.85 2.16895e-07
 -0.153774 0.000153475 6.40383e-13 0.00897524 56.1984 3.51615 29455.4 2154.3 0.000190755 0.397032 0 0.33011 4.13637e-05 0.433803 0.232876 0.00316844 -1 2.44675e+07 6874.46 2.1585e-07
 -0.153761 0.000153405 6.35792e-13 0.00899287 55.4629 3.50481 29455.8 2152.31 0.000190511 0.396433 0 0.33078 4.10784e-05 0.433141 0.232884 0.00315426 -1 2.44331e+07 6863.87 2.14812e-07
 -0.153747 0.000153335 6.31233e-13 0.00901092 54.7321 3.49341 29456.1 2150.28 0.000190263 0.395823 0 0.331466 4.07895e-05 0.432461 0.232892 0.00313984 -1 2.43978e+07 6853.08 2.13782e-07
 -0.153734 0.000153266 6.26704e-13 0.0090294 54.0061 3.48196 29456.5 2148.21 0.00019001 0.3952 0 0.33217 4.04969e-05 0.431764 0.2329 0.00312519 -1 2.43618e+07 6842.08 2.12759e-07
 -0.153721 0.000153197 6.22206e-13 0.00904831 53.2848 3.47044 29456.9 2146.09 0.000189751 0.394566 0 0.332891 4.02004e-05 0.43105 0.232909 0.00311029 -1 2.43249e+07 6830.87 2.11743e-07
 -0.153707 0.000153129 6.17739e-13 0.00906766 52.5683 3.45886 29457.2 2143.93 0.000189488 0.393919 0 0.333629 3.98999e-05 0.430319 0.232917 0.00309514 -1 2.42872e+07 6819.45 2.10734e-07
 -0.153694 0.000153061 6.13303e-13 0.00908746 51.8565 3.44721 29457.6 2141.73 0.00018922 0.39326 0 0.334385 3.95954e-05 0.429571 0.232926 0.00307972 -1 2.42488e+07 6807.82 2.09732e-07
 -0.153681 0.000152993 6.08897e-13 0.00910771 51.1494 3.4355 29458 2139.47 0.000188947 0.392589 0 0.335157 3.92866e-05 0.428806 0.232934 0.00306403 -1 2.42095e+07 6795.97 2.08738e-07
 -0.153668 0.000152926 6.04522e-13 0.00912843 50.4471 3.42371 29458.3 2137.18 0.000188668 0.391906 0 0.335946 3.89737e-05 0.428024 0.232943 0.00304806 -1 2.41695e+07 6783.9 2.07751e-07
 -0.153655 0.000152859 6.00176e-13 0.00914961 49.7495 3.41186 29458.6 2134.84 0.000188385 0.39121 0 0.336752 3.86563e-05 0.427226 0.232952 0.00303181 -1 2.41286e+07 6771.61 2.06771e-07
 -0.153643 0.000152793 5.9586e-13 0.00917128 49.0566 3.39993 29459 2132.45 0.000188096 0.390501 0 0.337574 3.83345e-05 0.426411 0.232961 0.00301525 -1 2.4087e+07 6759.09 2.05798e-07
 -0.15363 0.000152727 5.91574e-13 0.00919343 48.3685 3.38792 29459.3 2130.01 0.000187801 0.38978 0 0.338413 3.80083e-05 0.42558 0.232971 0.00299839 -1 2.40445e+07 6746.35 2.04833e-07
 -0.153617 0.000152662 5.87318e-13 0.00921607 47.6852 3.37584 29459.6 2127.53 0.000187502 0.389047 0 0.339268 3.76774e-05 0.424733 0.23298 0.00298122 -1 2.40013e+07 6733.38 2.03874e-07
 -0.153605 0.000152596 5.8309e-13 0.00923922 47.0066 3.36367 29460 2125 0.000187197 0.3883 0 0.34014 3.73419e-05 0.423869 0.23299 0.00296372 -1 2.39573e+07 6720.18 2.02924e-07
 -0.153592 0.000152532 5.78892e-13 0.00926287 46.3328 3.35142 29460.3 2122.43 0.000186886 0.387541 0 0.341028 3.70017e-05 0.42299 0.233 0.0029459 -1 2.39124e+07 6706.74 2.0198e-07
 -0.15358 0.000152468 5.74723e-13 0.00928704 45.6637 3.33908 29460.6 2119.8 0.00018657 0.386769 0 0.341931 3.66567e-05 0.422095 0.23301 0.00292775 -1 2.38669e+07 6693.07 2.01043e-07
 -0.153567 0.000152404 5.70583e-13 0.00931173 44.9995 3.32664 29460.9 2117.13 0.000186249 0.385984 0 0.342851 3.6307e-05 0.421184 0.23302 0.00290925 -1 2.38205e+07 6679.17 2.00114e-07
 -0.153555 0.00015234 5.66471e-13 0.00933695 44.34 3.31412 29461.2 2114.41 0.000185922 0.385186 0 0.343786 3.59525e-05 0.420257 0.23303 0.00289041 -1 2.37734e+07 6665.03 1.99192e-07
 -0.153543 0.000152277 5.62388e-13 0.00936272 43.6854 3.3015 29461.5 2111.65 0.000185589 0.384375 0 0.344737 3.55933e-05 0.419316 0.233041 0.00287121 -1 2.37255e+07 6650.64 1.98277e-07
 -0.153531 0.000152215 5.58333e-13 0.00938902 43.0356 3.28879 29461.8 2108.83 0.000185251 0.383551 0 0.345703 3.52292e-05 0.418359 0.233052 0.00285166 -1 2.36768e+07 6636.02 1.97369e-07
 -0.153519 0.000152152 5.54306e-13 0.00941588 42.3906 3.27599 29462.1 2105.97 0.000184907 0.382714 0 0.346684 3.48603e-05 0.417387 0.233063 0.00283175 -1 2.36274e+07 6621.15 1.96468e-07
 -0.153507 0.000152091 5.50307e-13 0.00944331 41.7505 3.2631 29462.4 2103.05 0.000184557 0.381865 0 0.34768 3.44866e-05 0.4164 0.233074 0.00281147 -1 2.35772e+07 6606.04 1.95575e-07
 -0.153495 0.000152029 5.46336e-13 0.0094713 41.1153 3.25012 29462.7 2100.09 0.000184202 0.381002 0 0.348691 3.41082e-05 0.415399 0.233085 0.00279082 -1 2.35263e+07 6590.69 1.94688e-07
 -0.153483 0.000151968 5.42392e-13 0.00949987 40.4849 3.23704 29463 2097.08 0.000183841 0.380126 0 0.349716 3.3725e-05 0.414384 0.233097 0.0027698 -1 2.34747e+07 6575.09 1.93809e-07
 -0.153472 0.000151907 5.38476e-13 0.00952903 39.8594 3.22388 29463.2 2094.02 0.000183474 0.379237 0 0.350756 3.33372e-05 0.413354 0.233108 0.0027484 -1 2.34223e+07 6559.24 1.92937e-07
 -0.15346 0.000151847 5.34587e-13 0.00955878 39.2389 3.21061 29463.5 2090.91 0.000183102 0.378335 0 0.351809 3.29448e-05 0.41231 0.23312 0.00272662 -1 2.33692e+07 6543.14 1.92071e-07
 -0.153448 0.000151787 5.30725e-13 0.00958913 38.6232 3.19725 29463.8 2087.75 0.000182724 0.377421 0 0.352877 3.25479e-05 0.411253 0.233133 0.00270445 -1 2.33154e+07 6526.79 1.91213e-07
 -0.153437 0.000151728 5.2689e-13 0.00962009 38.0125 3.18379 29464 2084.55 0.00018234 0.376493 0 0.353959 3.21465e-05 0.410182 0.233145 0.00268191 -1 2.32608e+07 6510.2 1.90362e-07
 -0.153426 0.000151669 5.23082e-13 0.00965167 37.4067 3.17023 29464.3 2081.3 0.00018195 0.375553 0 0.355053 3.17407e-05 0.409098 0.233158 0.00265898 -1 2.32056e+07 6493.35 1.89517e-07
 -0.153414 0.00015161 5.193e-13 0.00968388 36.8059 3.15657 29464.6 2078 0.000181554 0.3746 0 0.356162 3.13306e-05 0.408001 0.233171 0.00263567 -1 2.31497e+07 6476.25 1.88679e-07
 -0.153403 0.000151552 5.15544e-13 0.00971672 36.21 3.14281 29464.8 2074.66 0.000181152 0.373634 0 0.357283 3.09165e-05 0.406891 0.233184 0.00261198 -1 2.3093e+07 6458.9 1.87847e-07
 -0.153392 0.000151494 5.11815e-13 0.00975021 35.6192 3.12895 29465.1 2071.26 0.000180745 0.372655 0 0.358417 3.04983e-05 0.405768 0.233197 0.0025879 -1 2.30358e+07 6441.3 1.87023e-07
 -0.153381 0.000151436 5.08112e-13 0.00978434 35.0333 3.11498 29465.3 2067.82 0.000180332 0.371664 0 0.359563 3.00763e-05 0.404633 0.23321 0.00256344 -1 2.29778e+07 6423.44 1.86205e-07
 -0.15337 0.000151379 5.04435e-13 0.00981914 34.4525 3.10091 29465.6 2064.32 0.000179912 0.37066 0 0.360722 2.96505e-05 0.403486 0.233224 0.0025386 -1 2.29192e+07 6405.34 1.85395e-07
 -0.153359 0.000151322 5.00783e-13 0.00985461 33.8767 3.08674 29465.8 2060.77 0.000179487 0.369644 0 0.361892 2.92212e-05 0.402327 0.233238 0.00251338 -1 2.28599e+07 6386.97 1.84592e-07
 -0.153348 0.000151266 4.97157e-13 0.00989076 33.306 3.07246 29466.1 2057.17 0.000179057 0.368615 0 0.363075 2.87885e-05 0.401157 0.233252 0.00248779 -1 2.28e+07 6368.36 1.83795e-07
 -0.153337 0.00015121 4.93557e-13 0.0099276 32.7403 3.05807 29466.3 2053.52 0.00017862 0.367575 0 0.364269 2.83526e-05 0.399975 0.233266 0.00246183 -1 2.27395e+07 6349.49 1.83005e-07
 -0.153326 0.000151154 4.89982e-13 0.00996514 32.1797 3.04357 29466.6 2049.82 0.000178177 0.366522 0 0.365474 2.79137e-05 0.398781 0.233281 0.00243551 -1 2.26783e+07 6330.37 1.82223e-07
 -0.153315 0.000151099 4.86431e-13 0.0100034 31.6241 3.02896 29466.8 2046.07 0.000177729 0.365457 0 0.366691 2.74719e-05 0.397577 0.233295 0.00240882 -1 2.26166e+07 6311 1.81446e-07
 -0.153305 0.000151043 4.82906e-13 0.0100423 31.0737 3.01424 29467 2042.27 0.000177275 0.36438 0 0.367918 2.70276e-05 0.396363 0.23331 0.00238178 -1 2.25542e+07 6291.37 1.80677e-07
 -0.153294 0.000150989 4.79406e-13 0.010082 30.5284 2.99941 29467.3 2038.42 0.000176814 0.363291 0 0.369156 2.65809e-05 0.395137 0.233325 0.00235439 -1 2.24912e+07 6271.5 1.79914e-07
 -0.153284 0.000150935 4.7593e-13 0.0101224 29.9882 2.98447 29467.5 2034.52 0.000176349 0.362191 0 0.370405 2.6132e-05 0.393902 0.233341 0.00232666 -1 2.24277e+07 6251.37 1.79158e-07
 -0.153273 0.000150881 4.72478e-13 0.0101636 29.4531 2.96942 29467.7 2030.58 0.000175877 0.361079 0 0.371663 2.56813e-05 0.392657 0.233356 0.00229859 -1 2.23636e+07 6230.98 1.78408e-07
 -0.153263 0.000150827 4.69051e-13 0.0102055 28.9232 2.95425 29467.9 2026.58 0.000175399 0.359956 0 0.372931 2.52289e-05 0.391402 0.233372 0.0022702 -1 2.22989e+07 6210.35 1.77665e-07
 -0.153253 0.000150774 4.65648e-13 0.0102482 28.3984 2.93897 29468.1 2022.54 0.000174916 0.358822 0 0.374209 2.47751e-05 0.390138 0.233387 0.00224149 -1 2.22336e+07 6189.47 1.76928e-07
 -0.153243 0.000150721 4.62269e-13 0.0102917 27.8788 2.92358 29468.4 2018.45 0.000174426 0.357677 0 0.375496 2.43202e-05 0.388864 0.233403 0.00221247 -1 2.21679e+07 6168.34 1.76198e-07
 -0.153232 0.000150668 4.58914e-13 0.0103359 27.3643 2.90807 29468.6 2014.32 0.000173932 0.35652 0 0.376792 2.38644e-05 0.387582 0.233419 0.00218315 -1 2.21015e+07 6146.96 1.75474e-07
 -0.153222 0.000150616 4.55582e-13 0.010381 26.8551 2.89244 29468.8 2010.14 0.000173431 0.355353 0 0.378097 2.34081e-05 0.386291 0.233436 0.00215355 -1 2.20347e+07 6125.33 1.74756e-07
 -0.153212 0.000150564 4.52274e-13 0.0104269 26.351 2.8767 29469 2005.91 0.000172924 0.354176 0 0.37941 2.29515e-05 0.384991 0.233452 0.00212367 -1 2.19674e+07 6103.45 1.74044e-07
 -0.153202 0.000150513 4.48989e-13 0.0104735 25.8522 2.86085 29469.2 2001.63 0.000172412 0.352988 0 0.380732 2.2495e-05 0.383684 0.233469 0.00209352 -1 2.18995e+07 6081.33 1.73338e-07
 -0.153193 0.000150462 4.45727e-13 0.0105211 25.3585 2.84487 29469.4 1997.31 0.000171894 0.35179 0 0.382061 2.20387e-05 0.382369 0.233485 0.00206313 -1 2.18312e+07 6058.96 1.72639e-07
 -0.153183 0.000150411 4.42489e-13 0.0105694 24.8701 2.82878 29469.6 1992.95 0.000171371 0.350582 0 0.383398 2.15831e-05 0.381046 0.233502 0.0020325 -1 2.17624e+07 6036.35 1.71946e-07
 -0.153173 0.00015036 4.39273e-13 0.0106186 24.3869 2.81257 29469.8 1988.54 0.000170841 0.349365 0 0.384743 2.11285e-05 0.379715 0.233519 0.00200164 -1 2.16931e+07 6013.5 1.71258e-07
 -0.153163 0.00015031 4.3608e-13 0.0106687 23.9089 2.79624 29470 1984.09 0.000170307 0.348138 0 0.386095 2.06751e-05 0.378378 0.233536 0.00197057 -1 2.16234e+07 5990.4 1.70577e-07
 -0.153154 0.00015026 4.3291e-13 0.0107197 23.4361 2.7798 29470.2 1979.59 0.000169766 0.346901 0 0.387453 2.02233e-05 0.377034 0.233553 0.0019393 -1 2.15532e+07 5967.07 1.69902e-07
 -0.153144 0.000150211 4.29762e-13 0.0107715 22.9686 2.76323 29470.4 1975.05 0.00016922 0.345656 0 0.388819 1.97734e-05 0.375683 0.23357 0.00190786 -1 2.14826e+07 5943.49 1.69232e-07
 -0.153135 0.000150162 4.26637e-13 0.0108243 22.5063 2.74655 29470.6 1970.47 0.000168668 0.344401 0 0.39019 1.93257e-05 0.374326 0.233588 0.00187625 -1 2.14116e+07 5919.68 1.68568e-07
 -0.153125 0.000150113 4.23533e-13 0.010878 22.0493 2.72974 29470.8 1965.84 0.000168111 0.343138 0 0.391568 1.88806e-05 0.372964 0.233605 0.00184449 -1 2.13401e+07 5895.63 1.67911e-07
 -0.153116 0.000150064 4.20452e-13 0.0109326 21.5974 2.71282 29471 1961.17 0.000167549 0.341867 0 0.392952 1.84383e-05 0.371595 0.233622 0.0018126 -1 2.12683e+07 5871.35 1.67259e-07
 -0.153107 0.000150016 4.17392e-13 0.0109882 21.1509 2.69577 29471.2 1956.45 0.00016698 0.340587 0 0.394341 1.79993e-05 0.370221 0.23364 0.00178059 -1 2.11961e+07 5846.83 1.66612e-07
 -0.153097 0.000149968 4.14355e-13 0.0110447 20.7095 2.67861 29471.4 1951.69 0.000166407 0.3393 0 0.395735 1.75637e-05 0.368841 0.233657 0.00174849 -1 2.11235e+07 5822.08 1.65972e-07
 -0.153088 0.000149921 4.11338e-13 0.0111022 20.2734 2.66132 29471.6 1946.89 0.000165828 0.338005 0 0.397135 1.71321e-05 0.367457 0.233675 0.0017163 -1 2.10505e+07 5797.11 1.65338e-07
 -0.153079 0.000149873 4.08344e-13 0.0111607 19.8426 2.64391 29471.7 1942.04 0.000165244 0.336702 0 0.398539 1.67046e-05 0.366068 0.233693 0.00168406 -1 2.09772e+07 5771.9 1.64709e-07
 -0.15307 0.000149826 4.0537e-13 0.0112202 19.417 2.62639 29471.9 1937.15 0.000164654 0.335393 0 0.399948 1.62815e-05 0.364674 0.23371 0.00165177 -1 2.09036e+07 5746.46 1.64086e-07
 -0.153061 0.00014978 4.02418e-13 0.0112807 18.9966 2.60874 29472.1 1932.22 0.000164059 0.334077 0 0.401361 1.58633e-05 0.363276 0.233728 0.00161946 -1 2.08296e+07 5720.8 1.63469e-07
 -0.153052 0.000149733 3.99486e-13 0.0113423 18.5814 2.59097 29472.3 1927.24 0.000163459 0.332754 0 0.402778 1.54502e-05 0.361874 0.233746 0.00158715 -1 2.07553e+07 5694.92 1.62858e-07
 -0.153043 0.000149687 3.96576e-13 0.0114049 18.1715 2.57308 29472.5 1922.21 0.000162853 0.331424 0 0.404198 1.50425e-05 0.360469 0.233763 0.00155485 -1 2.06807e+07 5668.82 1.62254e-07
 -0.153034 0.000149642 3.93686e-13 0.0114686 17.7668 2.55506 29472.6 1917.14 0.000162242 0.330089 0 0.405623 1.46405e-05 0.359059 0.233781 0.00152258 -1 2.06058e+07 5642.5 1.61655e-07
 -0.153026 0.000149596 3.90817e-13 0.0115333 17.3673 2.53693 29472.8 1912.01 0.000161626 0.328748 0 0.40705 1.42444e-05 0.357647 0.233798 0.00149037 -1 2.05306e+07 5615.95 1.61062e-07
 -0.153017 0.000149551 3.87968e-13 0.0115992 16.973 2.51867 29473 1906.84 0.000161005 0.327402 0 0.408481 1.38547e-05 0.356231 0.233816 0.00145823 -1 2.04552e+07 5589.2 1.60475e-07
 -0.153008 0.000149507 3.8514e-13 0.0116662 16.5839 2.50029 29473.1 1901.62 0.000160379 0.326051 0 0.409914 1.34715e-05 0.354813 0.233833 0.00142619 -1 2.03794e+07 5562.22 1.59895e-07
 -0.153 0.000149462 3.82332e-13 0.0117343 16.2 2.48179 29473.3 1896.34 0.000159748 0.324695 0 0.41135 1.30952e-05 0.353392 0.233851 0.00139426 -1 2.03034e+07 5535.04 1.59322e-07
 -0.152991 0.000149418 3.79543e-13 0.0118037 15.8213 2.46317 29473.5 1891.01 0.000159111 0.323334 0 0.412788 1.27259e-05 0.351968 0.233868 0.00136246 -1 2.02272e+07 5507.65 1.58754e-07
 -0.152983 0.000149374 3.76775e-13 0.0118741 15.4478 2.44442 29473.6 1885.66 0.00015847 0.321969 0 0.414229 1.23639e-05 0.350543 0.233885 0.00133081 -1 2.01507e+07 5480.04 1.58191e-07
 -0.152974 0.00014933 3.74027e-13 0.0119458 15.0794 2.42555 29473.8 1880.28 0.000157823 0.320601 0 0.415671 1.20095e-05 0.349115 0.233902 0.00129934 -1 2.0074e+07 5452.24 1.57633e-07
 -0.152966 0.000149287 3.71298e-13 0.0120187 14.7161 2.40656 29474 1874.85 0.000157172 0.319229 0 0.417115 1.1663e-05 0.347686 0.233919 0.00126806 -1 1.99971e+07 5424.22 1.5708e-07
 -0.152958 0.000149244 3.68588e-13 0.0120929 14.358 2.38745 29474.1 1869.37 0.000156516 0.317853 0 0.41856 1.13245e-05 0.346255 0.233936 0.001237 -1 1.992e+07 5396.01 1.56533e-07
 -0.152949 0.000149201 3.65898e-13 0.0121683 14.0051 2.36822 29474.3 1863.86 0.000155855 0.316475 0 0.420007 1.09943e-05 0.344823 0.233953 0.00120618 -1 1.98428e+07 5367.59 1.55993e-07
 -0.152941 0.000149159 3.63227e-13 0.012245 13.6572 2.34886 29474.4 1858.29 0.000155189 0.315095 0 0.421454 1.06725e-05 0.34339 0.23397 0.00117561 -1 1.97653e+07 5338.98 1.55457e-07
 -0.152933 0.000149117 3.60576e-13 0.012323 13.3144 2.32938 29474.6 1852.69 0.000154518 0.313712 0 0.422902 1.03594e-05 0.341956 0.233986 0.00114531 -1 1.96876e+07 5310.17 1.54928e-07
 -0.152925 0.000149075 3.57943e-13 0.0124024 12.9767 2.30978 29474.8 1847.03 0.000153842 0.312328 0 0.42435 1.00551e-05 0.340522 0.234003 0.00111531 -1 1.96098e+07 5281.17 1.54405e-07
 -0.152917 0.000149033 3.55329e-13 0.0124831 12.6441 2.29005 29474.9 1841.34 0.000153162 0.310942 0 0.425799 9.75991e-06 0.339087 0.234019 0.00108563 -1 1.95319e+07 5251.97 1.53887e-07
 -0.152909 0.000148992 3.52734e-13 0.0125652 12.3166 2.2702 29475.1 1835.59 0.000152477 0.309555 0 0.427247 9.47383e-06 0.337652 0.234035 0.00105628 -1 1.94538e+07 5222.59 1.53375e-07
 -0.152901 0.000148951 3.50158e-13 0.0126486 11.994 2.25023 29475.2 1829.81 0.000151787 0.308168 0 0.428696 9.19708e-06 0.336218 0.23405 0.00102728 -1 1.93756e+07 5193.02 1.52869e-07
 -0.152893 0.00014891 3.476e-13 0.0127336 11.6765 2.23014 29475.4 1823.97 0.000151093 0.30678 0 0.430143 8.92978e-06 0.334783 0.234066 0.000998646 -1 1.92972e+07 5163.26 1.52369e-07
 -0.152885 0.00014887 3.4506e-13 0.01282 11.364 2.20992 29475.5 1818.1 0.000150394 0.305392 0 0.431591 8.67206e-06 0.333349 0.234081 0.000970404 -1 1.92188e+07 5133.32 1.51875e-07
 -0.152877 0.00014883 3.42538e-13 0.0129079 11.0564 2.18958 29475.7 1812.17 0.000149691 0.304005 0 0.433037 8.42404e-06 0.331916 0.234096 0.000942569 -1 1.91402e+07 5103.2 1.51386e-07
 -0.15287 0.00014879 3.40035e-13 0.0129973 10.7538 2.16911 29475.8 1806.2 0.000148983 0.302618 0 0.434482 8.18581e-06 0.330483 0.234111 0.000915158 -1 1.90616e+07 5072.9 1.50904e-07
 -0.152862 0.00014875 3.3755e-13 0.0130882 10.4562 2.14852 29475.9 1800.19 0.00014827 0.301233 0 0.435926 7.95747e-06 0.329052 0.234126 0.000888188 -1 1.89828e+07 5042.42 1.50428e-07
 -0.152855 0.000148711 3.35082e-13 0.0131807 10.1634 2.12781 29476.1 1794.13 0.000147553 0.29985 0 0.437369 7.73911e-06 0.327622 0.23414 0.000861674 -1 1.8904e+07 5011.77 1.49957e-07
 -0.152847 0.000148672 3.32632e-13 0.013275 9.87546 2.10698 29476.2 1788.01 0.000146832 0.297481 0 0.438812 7.53044e-06 0.326191 0.234154 0.000835592 -1 1.8825e+07 4980.89 1.49494e-07
 -0.152839 0.000148633 3.302e-13 0.0133712 9.59224 2.08602 29476.4 1781.84 0.000146098 0.295865 0 0.440256 7.33149e-06 0.324758 0.234168 0.000809945 -1 1.87457e+07 4949.78 1.49037e-07
 -0.152832 0.000148594 3.27785e-13 0.0134691 9.3138 2.06495 29476.5 1775.61 0.00014536 0.294239 0 0.4417 7.14259e-06 0.323327 0.234182 0.000784784 -1 1.86664e+07 4918.48 1.48587e-07
 -0.152825 0.000148556 3.25388e-13 0.0135688 9.04013 2.04374 29476.6 1769.33 0.000144617 0.292603 0 0.443142 6.96378e-06 0.321896 0.234195 0.00076012 -1 1.85869e+07 4886.98 1.48143e-07
 -0.152817 0.000148518 3.23008e-13 0.0136704 8.77121 2.02241 29476.8 1763 0.000143869 0.290957 0 0.444583 6.79511e-06 0.320466 0.234208 0.00073597 -1 1.85073e+07 4855.28 1.47706e-07
 -0.15281 0.00014848 3.20645e-13 0.0137739 8.50702 2.00096 29476.9 1756.61 0.000143116 0.289301 0 0.446023 6.63664e-06 0.319037 0.234221 0.000712344 -1 1.84276e+07 4823.39 1.47275e-07
 -0.152803 0.000148442 3.18299e-13 0.0138794 8.24751 1.97938 29477 1750.17 0.000142358 0.287634 0 0.447462 6.48838e-06 0.317609 0.234233 0.000689257 -1 1.83478e+07 4791.3 1.46852e-07
 -0.152796 0.000148405 3.1597e-13 0.0139868 7.99268 1.95767 29477.2 1743.67 0.000141595 0.285958 0 0.448899 6.35039e-06 0.316182 0.234245 0.00066672 -1 1.82679e+07 4759.01 1.46435e-07
 -0.152788 0.000148368 3.13657e-13 0.0140964 7.74249 1.93584 29477.3 1737.12 0.000140826 0.284271 0 0.450335 6.22268e-06 0.314757 0.234257 0.000644745 -1 1.8188e+07 4726.53 1.46025e-07
 -0.152781 0.000148331 3.11362e-13 0.0142081 7.49691 1.91388 29477.4 1730.51 0.000140053 0.282573 0 0.451769 6.10528e-06 0.313333 0.234269 0.000623342 -1 1.81079e+07 4693.85 1.45622e-07
 -0.152774 0.000148295 3.09082e-13 0.0143219 7.25592 1.89179 29477.6 1723.85 0.000139275 0.280866 0 0.453201 5.99822e-06 0.31191 0.23428 0.000602522 -1 1.80277e+07 4660.98 1.45226e-07
 -0.152767 0.000148258 3.0682e-13 0.0144381 7.01949 1.86958 29477.7 1717.13 0.000138492 0.279148 0 0.454632 5.90152e-06 0.310489 0.234291 0.000582294 -1 1.79474e+07 4627.9 1.44838e-07
 -0.15276 0.000148222 3.04573e-13 0.0145565 6.78759 1.84723 29477.8 1710.35 0.000137703 0.277419 0 0.45606 5.81522e-06 0.30907 0.234301 0.000562669 -1 1.78671e+07 4594.63 1.44456e-07
 -0.152753 0.000148187 3.02343e-13 0.0146773 6.56019 1.82476 29477.9 1703.51 0.00013691 0.27568 0 0.457486 5.73935e-06 0.307653 0.234312 0.000543655 -1 1.77866e+07 4561.15 1.44082e-07
 -0.152747 0.000148151 3.00129e-13 0.0148006 6.33727 1.80216 29478.1 1696.6 0.000136111 0.27393 0 0.458911 5.67393e-06 0.306237 0.234322 0.000525259 -1 1.77061e+07 4527.47 1.43715e-07
 -0.15274 0.000148116 2.97931e-13 0.0149264 6.11879 1.77943 29478.2 1689.64 0.000135306 0.272169 0 0.460333 5.61901e-06 0.304823 0.234331 0.00050749 -1 1.76255e+07 4493.59 1.43356e-07
 -0.152733 0.000148081 2.95749e-13 0.0150548 5.90472 1.75657 29478.3 1682.62 0.000134497 0.270397 0 0.461752 5.57465e-06 0.303412 0.23434 0.000490354 -1 1.75448e+07 4459.5 1.43005e-07
 -0.152726 0.000148046 2.93582e-13 0.015186 5.69505 1.73357 29478.4 1675.53 0.000133682 0.268614 0 0.46317 5.5409e-06 0.302002 0.234349 0.000473858 -1 1.7464e+07 4425.2 1.42662e-07
 -0.15272 0.000148011 2.91431e-13 0.0153199 5.48972 1.71045 29478.5 1668.37 0.000132861 0.26682 0 0.464585 5.51784e-06 0.300594 0.234358 0.000458008 -1 1.73832e+07 4390.69 1.42326e-07
 -0.152713 0.000147977 2.89296e-13 0.0154567 5.28873 1.68719 29478.7 1661.15 0.000132035 0.265015 0 0.465997 5.50555e-06 0.299189 0.234366 0.000442808 -1 1.73022e+07 4355.97 1.41999e-07
 -0.152706 0.000147943 2.87176e-13 0.0155965 5.09203 1.6638 29478.8 1653.87 0.000131203 0.263198 0 0.467407 5.50416e-06 0.297786 0.234373 0.000428264 -1 1.72212e+07 4321.04 1.4168e-07
 -0.1527 0.000147909 2.85071e-13 0.0157393 4.89959 1.64027 29478.9 1646.51 0.000130366 0.261369 0 0.468814 5.51378e-06 0.296385 0.234381 0.000414381 -1 1.71401e+07 4285.89 1.41369e-07
 -0.152693 0.000147875 2.82982e-13 0.0158854 4.71139 1.61661 29479 1639.09 0.000129523 0.259529 0 0.470218 5.53456e-06 0.294987 0.234388 0.000401161 -1 1.70589e+07 4250.52 1.41067e-07
 -0.152687 0.000147842 2.80908e-13 0.0160348 4.52739 1.59281 29479.1 1631.59 0.000128673 0.257676 0 0.47162 5.5667e-06 0.293591 0.234395 0.000388609 -1 1.69776e+07 4214.93 1.40774e-07
 -0.15268 0.000147809 2.78849e-13 0.0161876 4.34757 1.56887 29479.2 1624.02 0.000127818 0.255811 0 0.473019 5.6104e-06 0.292198 0.234401 0.000376728 -1 1.68962e+07 4179.11 1.4049e-07
 -0.152674 0.000147776 2.76804e-13 0.0163439 4.17188 1.54479 29479.3 1616.38 0.000126957 0.253934 0 0.474415 5.66591e-06 0.290807 0.234407 0.000365519 -1 1.68147e+07 4143.05 1.40215e-07
 -0.152668 0.000147743 2.74775e-13 0.0165039 4.00031 1.52057 29479.4 1608.66 0.000126089 0.252044 0 0.475808 5.73352e-06 0.289419 0.234412 0.000354986 -1 1.67332e+07 4106.77 1.39949e-07
 -0.152662 0.000147711 2.7276e-13 0.0166678 3.83282 1.49621 29479.6 1600.86 0.000125215 0.25014 0 0.477198 5.81356e-06 0.288034 0.234417 0.000345131 -1 1.66515e+07 4070.24 1.39693e-07
 -0.152655 0.000147678 2.7076e-13 0.0168357 3.66938 1.47171 29479.7 1592.98 0.000124334 0.248224 0 0.478584 5.90643e-06 0.286651 0.234422 0.000335956 -1 1.65697e+07 4033.47 1.39447e-07
 -0.152649 0.000147646 2.68774e-13 0.0170077 3.50995 1.44706 29479.8 1585.02 0.000123447 0.246293 0 0.479968 6.01257e-06 0.285272 0.234427 0.000327461 -1 1.64879e+07 3996.45 1.39211e-07
 -0.152643 0.000147614 2.66802e-13 0.017184 3.35451 1.42226 29479.9 1576.98 0.000122552 0.244349 0 0.481349 6.13248e-06 0.283895 0.234431 0.000319649 -1 1.64059e+07 3959.17 1.38986e-07
 -0.152637 0.000147583 2.64845e-13 0.0173649 3.20303 1.39731 29480 1568.85 0.000121651 0.24239 0 0.482726 6.26676e-06 0.282521 0.234434 0.000312522 -1 1.63238e+07 3921.63 1.38771e-07
 -0.152631 0.000147551 2.62902e-13 0.0175504 3.05547 1.37221 29480.1 1560.64 0.000120742 0.240416 0 0.4841 6.41607e-06 0.28115 0.234438 0.00030608 -1 1.62416e+07 3883.83 1.38567e-07
 -0.152625 0.00014752 2.60973e-13 0.0177409 2.9118 1.34696 29480.2 1552.33 0.000119826 0.238427 0 0.48547 6.58117e-06 0.279782 0.234441 0.000300326 -1 1.61593e+07 3845.75 1.38375e-07
 -0.152619 0.000147489 2.59059e-13 0.0179365 2.77199 1.32155 29480.3 1543.93 0.000118903 0.236422 0 0.486837 6.76292e-06 0.278418 0.234443 0.000295261 -1 1.60768e+07 3807.39 1.38194e-07
 -0.152613 0.000147459 2.57158e-13 0.0181375 2.63601 1.29599 29480.4 1535.43 0.000117971 0.234402 0 0.488201 6.9623e-06 0.277056 0.234445 0.000290889 -1 1.59943e+07 3768.74 1.38026e-07
 -0.152607 0.000147428 2.5527e-13 0.018344 2.50383 1.27026 29480.5 1526.84 0.000117031 0.232364 0 0.48956 7.18042e-06 0.275698 0.234447 0.000287211 -1 1.59115e+07 3729.79 1.3787e-07
 -0.152601 0.000147398 2.53397e-13 0.0185565 2.37542 1.24437 29480.6 1518.14 0.000116083 0.23031 0 0.490917 7.41854e-06 0.274344 0.234448 0.000284231 -1 1.58287e+07 3690.53 1.37727e-07
 -0.152595 0.000147368 2.51537e-13 0.0187752 2.25074 1.21831 29480.7 1509.34 0.000115126 0.228238 0 0.492269 7.67808e-06 0.272992 0.234449 0.000281953 -1 1.57457e+07 3650.95 1.37598e-07
 -0.15259 0.000147338 2.49691e-13 0.0190004 2.12977 1.19209 29480.8 1500.43 0.00011416 0.226147 0 0.493617 7.96063e-06 0.271644 0.23445 0.000280382 -1 1.56625e+07 3611.05 1.37483e-07
 -0.152584 0.000147308 2.47858e-13 0.0192325 2.01248 1.16569 29480.9 1491.4 0.000113185 0.224037 0 0.494962 8.268e-06 0.2703 0.23445 0.000279525 -1 1.55791e+07 3570.81 1.37382e-07
 -0.152578 0.000147279 2.46038e-13 0.0194718 1.89883 1.13911 29481 1482.26 0.0001122 0.221907 0 0.496302 8.60223e-06 0.26896 0.23445 0.000279389 -1 1.54956e+07 3530.21 1.37297e-07
 -0.152572 0.000147249 2.44231e-13 0.0197187 1.78879 1.11236 29481 1473 0.000111206 0.219757 0 0.497639 8.96561e-06 0.267623 0.234449 0.000279984 -1 1.54119e+07 3489.25 1.37227e-07
 -0.152567 0.00014722 2.42438e-13 0.0199736 1.68234 1.08542 29481.1 1463.6 0.0001102 0.217585 0 0.498971 9.36073e-06 0.266291 0.234448 0.000281319 -1 1.5328e+07 3447.9 1.37174e-07
 -0.152561 0.000147191 2.40658e-13 0.0202371 1.57944 1.05829 29481.2 1454.08 0.000109184 0.215391 0 0.500298 9.79049e-06 0.264962 0.234446 0.000283408 -1 1.52439e+07 3406.16 1.37138e-07
 -0.152556 0.000147163 2.3889e-13 0.0205096 1.48006 1.03097 29481.3 1444.42 0.000108156 0.213174 0 0.501621 1.02582e-05 0.263638 0.234444 0.000286266 -1 1.51596e+07 3364.01 1.3712e-07
 -0.15255 0.000147134 2.37136e-13 0.0207917 1.38418 1.00345 29481.4 1434.62 0.000107117 0.210931 0 0.502939 1.07675e-05 0.262319 0.234442 0.000289912 -1 1.50751e+07 3321.43 1.37122e-07
 -0.152545 0.000147106 2.35394e-13 0.021084 1.29176 0.975727 29481.5 1424.67 0.000106064 0.208664 0 0.504252 1.13225e-05 0.261003 0.234439 0.000294367 -1 1.49903e+07 3278.39 1.37143e-07
 -0.152539 0.000147078 2.33665e-13 0.0213872 1.20277 0.947793 29481.6 1414.56 0.000104999 0.206369 0 0.50556 1.19279e-05 0.259693 0.234436 0.000299656 -1 1.49052e+07 3234.89 1.37186e-07
 -0.152534 0.00014705 2.31948e-13 0.021702 1.11719 0.919644 29481.7 1404.28 0.00010392 0.204046 0 0.506862 1.25889e-05 0.258388 0.234432 0.000305808 -1 1.48199e+07 3190.88 1.37251e-07
 -0.152529 0.000147022 2.30244e-13 0.0220292 1.03499 0.891272 29481.7 1393.83 0.000102826 0.201693 0 0.508159 1.33115e-05 0.257088 0.234427 0.000312858 -1 1.47343e+07 3146.36 1.3734e-07
 -0.152523 0.000146995 2.28553e-13 0.0223697 0.956144 0.86267 29481.8 1383.2 0.000101718 0.199309 0 0.509449 1.4102e-05 0.255794 0.234422 0.000320845 -1 1.46484e+07 3101.28 1.37454e-07
 -0.152518 0.000146967 2.26873e-13 0.0227246 0.880615 0.833831 29481.9 1372.38 0.000100592 0.196892 0 0.510733 1.4968e-05 0.254505 0.234416 0.000329815 -1 1.45622e+07 3055.62 1.37594e-07
 -0.152513 0.00014694 2.25206e-13 0.0230948 0.80838 0.804745 29482 1361.35 9.94502e-05 0.194439 0 0.512011 1.59176e-05 0.253223 0.23441 0.000339822 -1 1.44756e+07 3009.35 1.37764e-07
 -0.152508 0.000146913 2.23551e-13 0.0234817 0.739412 0.775403 29482.1 1350.11 9.82898e-05 0.191949 0 0.513281 1.69601e-05 0.251948 0.234403 0.000350926 -1 1.43887e+07 2962.43 1.37964e-07
 -0.152502 0.000146887 2.21908e-13 0.0238867 0.673684 0.745796 29482.1 1338.64 9.71099e-05 0.189419 0 0.514543 1.81057e-05 0.25068 0.234396 0.000363198 -1 1.43014e+07 2914.81 1.38197e-07
 -0.152497 0.00014686 2.20277e-13 0.0243113 0.611171 0.715913 29482.2 1326.92 9.59093e-05 0.186847 0 0.515797 1.93659e-05 0.24942 0.234387 0.000376721 -1 1.42137e+07 2866.46 1.38465e-07
 -0.152492 0.000146834 2.18658e-13 0.0247573 0.551845 0.68574 29482.3 1314.94 9.46866e-05 0.184229 0 0.517042 2.07534e-05 0.248168 0.234378 0.000391586 -1 1.41256e+07 2817.32 1.38772e-07
 -0.152487 0.000146808 2.17051e-13 0.0252268 0.495682 0.655266 29482.4 1302.68 9.344e-05 0.181562 0 0.518277 2.22821e-05 0.246925 0.234368 0.000407903 -1 1.40371e+07 2767.33 1.3912e-07
 -0.152482 0.000146782 2.15455e-13 0.0257219 0.442657 0.624475 29482.4 1290.12 9.21679e-05 0.178843 0 0.519501 2.39676e-05 0.245693 0.234356 0.000425795 -1 1.3948e+07 2716.44 1.39513e-07
 -0.152477 0.000146756 2.13871e-13 0.0262455 0.392747 0.593351 29482.5 1277.23 9.08681e-05 0.176067 0 0.520713 2.58267e-05 0.244472 0.234344 0.000445402 -1 1.38585e+07 2664.56 1.39956e-07
 -0.152472 0.00014673 2.12299e-13 0.0268005 0.345927 0.561877 29482.6 1263.98 8.95383e-05 0.173229 0 0.521912 2.78779e-05 0.243262 0.23433 0.000466888 -1 1.37684e+07 2611.63 1.40454e-07
 -0.152467 0.000146705 2.10738e-13 0.0273906 0.302175 0.530034 29482.7 1250.36 8.81759e-05 0.170325 0 0.523097 3.01408e-05 0.242067 0.234316 0.000490438 -1 1.36777e+07 2557.55 1.41011e-07
 -0.152462 0.000146679 2.09188e-13 0.02802 0.261469 0.497797 29482.7 1236.31 8.67777e-05 0.167347 0 0.524266 3.26363e-05 0.240886 0.234299 0.000516261 -1 1.35864e+07 2502.22 1.41635e-07
 -0.152458 0.000146654 2.0765e-13 0.0286936 0.223786 0.465144 29482.8 1221.8 8.53403e-05 0.16429 0 0.525416 3.53865e-05 0.239723 0.234282 0.000544598 -1 1.34944e+07 2445.51 1.42333e-07
 -0.152453 0.000146629 2.06123e-13 0.0294176 0.189107 0.432045 29482.8 1206.77 8.38595e-05 0.161143 0 0.526545 3.84131e-05 0.238579 0.234262 0.000575718 -1 1.34018e+07 2387.29 1.43116e-07
 -0.152448 0.000146605 2.04607e-13 0.030199 0.157412 0.398468 29482.9 1191.18 8.23305e-05 0.157898 0 0.527651 4.17378e-05 0.237457 0.23424 0.00060992 -1 1.33083e+07 2327.4 1.43993e-07
 -0.152443 0.00014658 2.03102e-13 0.0310468 0.128681 0.364376 29483 1174.96 8.07476e-05 0.154543 0 0.52873 4.53795e-05 0.23636 0.234217 0.000647532 -1 1.32141e+07 2265.64 1.44979e-07
 -0.152439 0.000146556 2.01608e-13 0.0319719 0.102895 0.329726 29483 1158.01 7.91038e-05 0.151065 0 0.529777 4.93531e-05 0.235294 0.234191 0.000688904 -1 1.3119e+07 2201.79 1.46089e-07
 -0.152434 0.000146531 2.00125e-13 0.0329881 0.0800383 0.294465 29483.1 1140.24 7.73909e-05 0.147445 0 0.530788 5.36652e-05 0.234262 0.234162 0.000734387 -1 1.3023e+07 2135.57 1.47346e-07
 -0.152429 0.000146507 1.98653e-13 0.0341131 0.0600922 0.258536 29483.1 1121.53 7.55985e-05 0.143665 0 0.531756 5.83093e-05 0.23327 0.234131 0.000784298 -1 1.29259e+07 2066.64 1.48775e-07
 -0.152425 0.000146483 1.97192e-13 0.0353698 0.0430407 0.221864 29483.2 1101.73 7.37137e-05 0.139697 0 0.532673 6.32576e-05 0.232329 0.234097 0.00083885 -1 1.28277e+07 1994.59 1.5041e-07
 -0.15242 0.00014646 1.95741e-13 0.0367891 0.0288664 0.184362 29483.2 1080.62 7.17199e-05 0.13551 0 0.533527 6.84482e-05 0.231447 0.23406 0.00089801 -1 1.27284e+07 1918.89 1.52297e-07
 -0.152416 0.000146436 1.94301e-13 0.0384134 0.0175546 0.145923 29483.3 1057.96 6.95954e-05 0.13106 0 0.534306 7.37658e-05 0.230638 0.234021 0.000961233 -1 1.26277e+07 1838.85 1.54496e-07
 -0.152411 0.000146413 1.92871e-13 0.0403031 0.00907012 0.106407 29483.3 1033.39 6.7311e-05 0.126289 0 0.53499 7.90103e-05 0.229923 0.233981 0.00102692 -1 1.25257e+07 1753.57 1.57094e-07
 -0.152407 0.00014639 1.91452e-13 0.0425479 0.00345442 0.0656321 29483.4 1006.4 6.48256e-05 0.121118 0 0.535555 8.38441e-05 0.229328 0.233942 0.00109134 -1 1.24221e+07 1661.8 1.60219e-07
 -0.152402 0.000146367 1.90043e-13 0.0452887 0.0003146 0.0233763 29483.4 976.287 6.2079e-05 0.115431 0 0.535966 8.7701e-05 0.228891 0.233908 0.00114627 -1 1.23169e+07 1561.75 1.62654e-07
